90.98707580566406
90.30284118652344
91.19058990478516
90.64961242675781
91.0114517211914
91.2000732421875
91.26510620117188
90.40689086914062
89.99581146240234
90.78093719482422
89.9203109741211
88.658203125
90.51277923583984
91.15362548828125
87.1492919921875
85.58674621582031
91.05557250976562
92.23045349121094
88.30522155761719
88.82087707519531
89.80999755859375
90.40401458740234
87.29553985595703
91.39991760253906
84.63188171386719
87.66558837890625
88.2739486694336
89.25148010253906
89.85528564453125
87.3162841796875
88.15022277832031
90.93112182617188
84.48101043701172
88.80494689941406
92.05711364746094
86.62313079833984
87.95948791503906
89.04566192626953
90.46173095703125
90.84647369384766
89.02894592285156
89.7057113647461
85.45565032958984
88.69059753417969
87.2427978515625
85.60892486572266
87.96068572998047
85.13733673095703
87.7076416015625
85.66870880126953
87.83403015136719
86.69778442382812
89.69207763671875
88.06061553955078
89.9302978515625
86.55543518066406
89.12650299072266
88.28739929199219
91.47781372070312
89.5411376953125
85.4007568359375
89.05355834960938
87.90071105957031
89.33598327636719
90.38639068603516
88.90685272216797
87.09394836425781
87.68024444580078
89.25398254394531
88.23615264892578
87.31744384765625
86.59697723388672
91.31766510009766
93.58564758300781
89.47041320800781
90.77347564697266
87.42898559570312
88.96637725830078
88.7352294921875
89.0630111694336
89.74172973632812
83.29100799560547
86.67581176757812
87.13558959960938
88.56269836425781
86.30643463134766
88.59188079833984
88.30885314941406
88.82994079589844
85.18238067626953
88.53365325927734
88.64974975585938
92.9421157836914
88.98663330078125
88.86515808105469
86.0695571899414
87.60427856445312
89.25305938720703
84.65693664550781
88.65027618408203
85.48612213134766
92.72322845458984
88.5493392944336
90.47296142578125
89.4131088256836
93.6045150756836
86.56031036376953
84.52352905273438
81.47227478027344
86.0074234008789
90.2052001953125
87.54439544677734
83.52125549316406
89.250732421875
84.48458862304688
81.92499542236328
90.35711669921875
87.7899398803711
84.7621841430664
82.62486267089844
82.42909240722656
84.3097152709961
84.4513931274414
82.51097106933594
82.0042495727539
90.01683044433594
85.249267578125
88.1641616821289
88.63188171386719
85.0094223022461
79.84014129638672
86.93925476074219
86.696533203125
84.6117172241211
83.88673400878906
87.98670196533203
88.70181274414062
83.84917449951172
88.69363403320312
82.54566192626953
85.9032211303711
89.90059661865234
88.12151336669922
87.19229888916016
87.98236083984375
85.98278045654297
87.54169464111328
87.55516815185547
83.56732940673828
86.9805908203125
86.76164245605469
87.96703338623047
82.82749938964844
82.21378326416016
88.12242126464844
81.27297973632812
85.98171997070312
82.54854583740234
87.08281707763672
86.17893981933594
86.77957153320312
83.36134338378906
79.28618621826172
86.74925994873047
88.5804443359375
84.26616668701172
80.19477844238281
86.95362854003906
82.88114166259766
83.52819061279297
83.56086730957031
82.43013763427734
79.40129089355469
82.06366729736328
76.01566314697266
83.42984008789062
81.2155532836914
87.42403411865234
73.90531158447266
85.3883285522461
85.06939697265625
89.1493148803711
85.86114501953125
78.02491760253906
88.50684356689453
88.24613189697266
87.83525085449219
80.72201538085938
85.98030853271484
86.7274169921875
85.21864318847656
82.73989868164062
85.76839447021484
86.28326416015625
83.6179428100586
82.50325775146484
86.6888198852539
86.16069793701172
87.07533264160156
74.80767059326172
87.01660919189453
76.34609985351562
81.92411804199219
81.23004150390625
81.32845306396484
82.20545959472656
84.09150695800781
87.47144317626953
82.98939514160156
80.03009033203125
83.60752868652344
77.03137969970703
83.1783676147461
83.80290222167969
85.333251953125
77.71418762207031
82.81092834472656
88.09349060058594
81.69706726074219
84.14705657958984
81.34965515136719
77.38185119628906
85.32588958740234
81.8594741821289
79.3592300415039
82.7375259399414
86.27930450439453
85.8354721069336
85.1426010131836
82.59014892578125
81.48057556152344
85.9262924194336
86.4853515625
74.10411834716797
82.07917785644531
80.3239517211914
84.17886352539062
81.06733703613281
79.12113952636719
86.39351654052734
83.37521362304688
85.77591705322266
83.81690979003906
78.02265930175781
82.05294799804688
86.18605041503906
83.38616943359375
88.20010375976562
84.1458969116211
82.38018035888672
90.3935317993164
78.84257507324219
83.28849029541016
80.16793060302734
82.92536926269531
82.08489990234375
79.61981964111328
79.09142303466797
82.69625091552734
86.48485565185547
86.33220672607422
85.62810516357422
82.52757263183594
83.75701904296875
78.856689453125
83.46827697753906
80.1199951171875
81.25199127197266
82.5271224975586
85.73561096191406
82.80406951904297
83.04576873779297
83.61287689208984
84.65412902832031
84.50648498535156
85.83511352539062
84.25826263427734
84.3745346069336
78.55799865722656
75.00691223144531
77.7496337890625
78.65398406982422
84.01493835449219
80.68255615234375
84.33806610107422
85.83614349365234
75.52903747558594
75.50984954833984
84.1686782836914
80.25230407714844
81.20161437988281
87.73845672607422
85.19837951660156
80.44044494628906
80.1593246459961
75.0627212524414
78.48988342285156
83.69502258300781
78.31964111328125
76.73878479003906
82.94982147216797
78.57759094238281
84.26473999023438
79.11376953125
83.15026092529297
77.4492416381836
73.6141128540039
88.8301773071289
83.43551635742188
77.4643325805664
81.31050872802734
79.6489028930664
83.93174743652344
73.18236541748047
84.60574340820312
81.03233337402344
88.088623046875
84.13170623779297
83.1943130493164
79.19574737548828
74.65203857421875
77.35536193847656
78.0199966430664
82.3193588256836
81.61236572265625
77.351318359375
79.64180755615234
81.73979187011719
74.96953582763672
79.00739288330078
77.36749267578125
78.91634368896484
72.1607437133789
78.7763442993164
76.65911865234375
81.39419555664062
80.824951171875
87.92621612548828
83.54483795166016
79.46730041503906
84.46649169921875
84.5107421875
77.380615234375
79.97249603271484
86.3571548461914
81.94904327392578
81.85230255126953
79.20878601074219
78.35083770751953
74.92100524902344
79.99517059326172
83.02803039550781
74.54851531982422
82.55804443359375
76.68352508544922
69.90237426757812
72.10166931152344
82.69645690917969
75.2872085571289
84.03609466552734
71.40796661376953
75.89384460449219
74.15448760986328
83.5744400024414
73.03512573242188
83.97675323486328
79.3130874633789
65.51426696777344
77.28727722167969
74.83792114257812
73.24505615234375
70.37220764160156
82.05796813964844
79.22600555419922
75.49530029296875
74.28645324707031
70.94749450683594
79.38899230957031
74.93538665771484
83.57859802246094
76.11695098876953
78.65411376953125
78.6647720336914
76.22796630859375
79.24227905273438
79.81067657470703
82.47407531738281
70.41625213623047
85.67279052734375
86.89607238769531
70.7059555053711
72.63858032226562
79.43732452392578
76.08463287353516
81.09043884277344
76.82445526123047
67.11150360107422
67.21321868896484
81.90384674072266
76.44108581542969
64.35637664794922
68.55477142333984
68.5832290649414
72.65806579589844
77.18336486816406
81.45536041259766
78.02642822265625
74.64545440673828
79.93946075439453
59.7095832824707
75.00756072998047
75.07546997070312
68.05181884765625
77.4677963256836
71.04170227050781
72.92631530761719
67.65300750732422
65.7530746459961
72.56063842773438
62.661739349365234
83.2767105102539
69.45606994628906
63.64424514770508
69.54109191894531
75.81163024902344
77.4883041381836
75.2615966796875
68.05104064941406
68.56791687011719
69.7070541381836
79.53616333007812
73.47693634033203
78.01055145263672
80.62577819824219
70.51136016845703
71.70963287353516
70.73775482177734
77.7247543334961
68.8193359375
62.53090286254883
75.1485366821289
77.85667419433594
71.79369354248047
60.70858383178711
66.989501953125
73.60176086425781
75.90460968017578
68.08979034423828
71.95539093017578
80.00201416015625
75.98261260986328
73.81130981445312
68.88346862792969
82.27352905273438
76.2229995727539
71.05470275878906
74.64705657958984
74.5152359008789
74.67852783203125
69.52848052978516
84.99066925048828
73.73381805419922
75.5767593383789
77.26620483398438
82.00053405761719
82.20989990234375
79.15170288085938
71.80982971191406
77.92859649658203
74.60708618164062
69.4910659790039
68.03411865234375
77.82131958007812
77.90131378173828
68.5447769165039
63.445621490478516
70.02542877197266
78.8719711303711
77.39395141601562
67.97254943847656
63.93733215332031
81.58914947509766
77.38766479492188
75.52912139892578
67.88355255126953
71.08171081542969
75.0423583984375
69.46018981933594
74.61968994140625
71.84579467773438
76.05013275146484
66.63628387451172
68.60271453857422
65.60499572753906
79.07127380371094
70.19187927246094
74.6280288696289
83.43045043945312
77.94120788574219
73.92711639404297
73.93814086914062
71.68574523925781
72.3396987915039
79.83808135986328
72.27606964111328
72.93395233154297
67.97260284423828
67.04387664794922
68.51416015625
60.56205368041992
68.7957992553711
81.01317596435547
73.3681411743164
75.88385772705078
66.16914367675781
60.029815673828125
80.53710174560547
70.24882507324219
70.30155181884766
82.25398254394531
75.92288208007812
65.9664535522461
67.51495361328125
61.92319869995117
74.81290435791016
74.0297622680664
62.96451187133789
72.32837677001953
77.51411437988281
73.09363555908203
84.58735656738281
62.06036376953125
68.13373565673828
77.51229858398438
73.45635223388672
71.85411071777344
72.9612808227539
80.80429077148438
80.37161254882812
69.26847839355469
70.1374282836914
69.57015228271484
81.14067840576172
77.63400268554688
73.97651672363281
74.6341552734375
74.17312622070312
66.89332580566406
77.24794006347656
66.8805160522461
76.5533447265625
76.21912384033203
78.07183837890625
67.52943420410156
75.68737030029297
79.0587387084961
77.12403869628906
70.2940902709961
67.54120635986328
61.402095794677734
71.03922271728516
64.78011322021484
67.49201965332031
66.7004623413086
72.21749877929688
68.40956115722656
82.36383056640625
79.55831909179688
60.93971252441406
60.72151565551758
69.17955780029297
63.4701042175293
66.27696228027344
61.45525360107422
62.40371322631836
69.03825378417969
64.38617706298828
70.8088150024414
63.682228088378906
75.72425842285156
58.85527038574219
62.07789611816406
66.25537872314453
65.59100341796875
79.79838562011719
70.62198638916016
74.9854736328125
70.86370086669922
77.97002410888672
79.00043487548828
79.86359405517578
64.32201385498047
70.61870574951172
68.59212493896484
73.7462158203125
72.98847198486328
69.19937133789062
79.13090515136719
74.13145446777344
70.28610229492188
61.30905532836914
75.06132507324219
64.51152801513672
73.7461166381836
75.13700103759766
81.9500503540039
75.44111633300781
75.06573486328125
69.40052795410156
76.97584533691406
70.44562530517578
59.075130462646484
73.3759765625
68.67118835449219
72.18895721435547
58.73468780517578
56.287818908691406
72.21202850341797
61.045413970947266
59.74533462524414
69.7303695678711
72.60238647460938
69.44529724121094
75.09093475341797
65.68185424804688
63.55271911621094
64.82766723632812
67.8034439086914
72.02416229248047
77.16909790039062
68.27952575683594
74.73686981201172
62.3504524230957
60.976539611816406
79.5084457397461
77.21946716308594
63.52573013305664
77.82364654541016
68.10797119140625
74.71997833251953
75.49159240722656
77.88697814941406
70.73497009277344
66.91964721679688
72.05711364746094
73.7128677368164
76.65116119384766
79.03287506103516
61.981101989746094
66.44112396240234
69.6527099609375
69.95014953613281
65.0614013671875
74.16275787353516
67.52952575683594
73.67495727539062
69.67570495605469
63.61520004272461
66.05601501464844
67.59122467041016
76.92015838623047
70.55309295654297
64.49059295654297
81.68892669677734
61.6616096496582
63.77110290527344
74.65625
77.37146759033203
60.87178421020508
69.58787536621094
73.29021453857422
71.51166534423828
63.28712844848633
71.74453735351562
71.53225708007812
65.38037109375
72.0375747680664
59.354496002197266
73.8559341430664
71.62877655029297
76.13091278076172
66.28447723388672
63.32345199584961
77.38947296142578
67.33134460449219
63.312870025634766
65.93248748779297
68.553466796875
77.7133560180664
73.94879150390625
81.59481811523438
71.07186126708984
72.1237564086914
80.0748519897461
71.05701446533203
77.22966766357422
82.8350601196289
55.0578727722168
65.35315704345703
71.5367660522461
69.28362274169922
80.17183685302734
58.12066650390625
61.88531494140625
57.780967712402344
72.82304382324219
58.901954650878906
68.96879577636719
75.56914520263672
60.087913513183594
67.35745239257812
65.14456939697266
56.45554733276367
69.89776611328125
60.17464828491211
62.09746170043945
52.59771728515625
70.25566101074219
59.27302932739258
70.74671936035156
62.93258285522461
72.20661163330078
66.42117309570312
70.71006774902344
66.06305694580078
67.38512420654297
73.19510650634766
63.05811309814453
59.39575958251953
63.25369644165039
70.32649230957031
71.41670989990234
75.42842864990234
73.31820678710938
59.2036018371582
64.94407653808594
68.1321792602539
75.34880065917969
72.94214630126953
68.48152160644531
77.28846740722656
66.439453125
62.93194580078125
81.09268188476562
61.39802932739258
58.609092712402344
73.29056549072266
63.7891731262207
64.93421936035156
72.05680084228516
77.90257263183594
63.0628547668457
58.55425262451172
71.0429916381836
72.10807800292969
55.61491012573242
61.859901428222656
56.55879211425781
66.47095489501953
69.73712921142578
75.6094741821289
54.683231353759766
63.85245132446289
74.24684143066406
59.58375930786133
58.812862396240234
72.20758819580078
76.61487579345703
70.85326385498047
66.43498229980469
70.22956085205078
57.50331115722656
67.12353515625
73.00560760498047
61.47111892700195
65.04478454589844
59.82468032836914
78.53304290771484
65.77191162109375
71.89971923828125
65.5744400024414
71.15251159667969
66.28080749511719
64.58441162109375
65.5070571899414
64.96028137207031
60.74650955200195
63.37671661376953
67.8848876953125
57.30320739746094
58.57103729248047
72.83724212646484
64.19007873535156
60.14918899536133
70.27324676513672
79.1841812133789
72.0179672241211
75.93281555175781
68.88163757324219
64.50588989257812
62.519676208496094
78.21554565429688
64.76909637451172
71.64041137695312
68.3069076538086
73.78827667236328
61.69198989868164
63.39686584472656
74.77987670898438
52.569358825683594
60.00754928588867
65.82144927978516
70.77094268798828
61.952125549316406
58.87489700317383
63.69670104980469
73.79105377197266
69.37782287597656
63.262969970703125
73.56727600097656
73.39768981933594
75.24298095703125
72.19158172607422
61.78179931640625
58.55238342285156
67.19815063476562
76.19119262695312
71.50037384033203
57.45149612426758
68.83584594726562
71.09586334228516
62.50619125366211
61.97086715698242
67.67971801757812
55.4783821105957
67.72510528564453
61.73276138305664
66.85841369628906
79.38839721679688
70.7799301147461
74.78656005859375
65.48727416992188
76.84647369384766
68.91716766357422
74.47126770019531
58.35077667236328
58.56195068359375
76.84890747070312
79.07876586914062
65.37109375
61.84457015991211
73.70486450195312
75.00875854492188
56.31700134277344
73.328369140625
70.37471008300781
58.98902130126953
71.27110290527344
69.99794006347656
79.71858215332031
72.30880737304688
67.76583099365234
63.11774826049805
78.2286376953125
72.05608367919922
59.75507736206055
70.91106414794922
76.85723114013672
60.2229118347168
66.50405883789062
59.71585464477539
60.096595764160156
61.71957015991211
68.39138793945312
74.88170623779297
71.8641586303711
75.5550308227539
72.87128448486328
78.278076171875
63.17258071899414
75.34734344482422
69.76832580566406
63.50579833984375
78.9241714477539
73.69795989990234
73.94934844970703
54.380977630615234
78.10132598876953
78.68246459960938
64.39643096923828
56.65127182006836
60.570892333984375
66.95758056640625
68.53077697753906
76.28926086425781
68.41927337646484
70.57511901855469
54.991085052490234
68.08796691894531
69.6352767944336
53.50513458251953
75.57684326171875
73.34159851074219
70.24073791503906
69.11332702636719
66.78539276123047
74.5755386352539
56.220680236816406
70.26152038574219
65.62109375
73.79430389404297
57.99515151977539
54.846900939941406
67.75160217285156
70.62613677978516
65.08509063720703
71.74043273925781
63.235694885253906
71.09064483642578
67.7155532836914
71.68634796142578
63.949256896972656
57.47515106201172
61.21061706542969
57.13920211791992
70.6908950805664
63.34191131591797
67.99524688720703
72.14020538330078
69.45745086669922
70.25167846679688
59.814796447753906
53.53931427001953
62.11180877685547
59.465415954589844
71.39319610595703
57.56184005737305
59.421424865722656
72.53575134277344
61.26692199707031
75.60739135742188
62.03424835205078
59.15546417236328
74.73554229736328
58.45107650756836
67.63951110839844
72.13621520996094
57.39688491821289
73.15156555175781
68.85611724853516
64.30673217773438
69.04928588867188
73.3360366821289
74.53816986083984
71.69493865966797
69.49752044677734
69.55702209472656
62.93428039550781
60.44209289550781
59.934505462646484
64.43677520751953
66.44770812988281
76.79129791259766
58.000099182128906
60.72983932495117
69.07662963867188
61.524166107177734
76.7059326171875
69.88722229003906
59.94672775268555
72.2960433959961
71.22171020507812
71.75574493408203
69.65744018554688
65.91035461425781
66.3290786743164
67.42839813232422
66.10909271240234
65.90524291992188
71.0374755859375
66.43282318115234
73.29925537109375
69.70811462402344
64.03832244873047
72.81275177001953
68.37747955322266
65.64373016357422
69.24825286865234
70.99772644042969
64.88868713378906
68.4245376586914
66.51177215576172
64.66434478759766
59.354915618896484
63.00874710083008
67.8743667602539
66.49407958984375
73.86524963378906
70.93537902832031
67.19908142089844
80.9129638671875
70.86122131347656
56.94922637939453
72.45862579345703
63.442256927490234
75.36231994628906
68.24566650390625
62.34039306640625
71.66521453857422
61.95842742919922
60.76052474975586
58.481529235839844
67.25413513183594
56.33458709716797
66.99205017089844
64.35538482666016
55.96315383911133
66.03580474853516
67.31886291503906
78.09104919433594
68.68751525878906
72.52132415771484
61.956871032714844
59.035884857177734
68.22657775878906
68.07461547851562
62.06785202026367
66.99806213378906
72.97019958496094
70.48279571533203
76.02474212646484
68.25006103515625
66.90808868408203
79.23424530029297
78.8590087890625
67.56906127929688
72.95880126953125
61.284942626953125
62.215911865234375
64.507080078125
66.4498291015625
76.16786193847656
61.72512435913086
67.62603759765625
69.63343811035156
55.1041145324707
61.95064163208008
57.465877532958984
69.80970001220703
69.40219116210938
71.0516128540039
64.41997528076172
58.64687728881836
63.29584884643555
65.75310516357422
61.15079879760742
72.0086669921875
62.98835372924805
69.46337890625
71.40397644042969
65.69222259521484
67.12828826904297
78.80962371826172
62.829532623291016
70.36298370361328
70.9131851196289
71.3812484741211
70.1495132446289
71.72430419921875
60.62578201293945
73.4314193725586
61.70386505126953
76.16936492919922
61.24242401123047
66.05833435058594
65.86849975585938
71.46891784667969
70.20204162597656
63.766056060791016
76.0151138305664
63.2155876159668
68.29937744140625
59.96399688720703
69.07604217529297
75.28776550292969
66.58296203613281
70.11962890625
59.81136703491211
70.41806030273438
76.31013488769531
74.80036926269531
66.49785614013672
57.16887283325195
61.35668182373047
72.11944580078125
69.31803131103516
72.27010345458984
76.33541107177734
64.89641571044922
65.11384582519531
73.62336730957031
63.03911590576172
65.23371887207031
70.59506225585938
54.02475357055664
67.4073257446289
64.47268676757812
67.25896453857422
76.68292236328125
68.36031341552734
77.38880920410156
75.30036163330078
76.8232650756836
57.91032028198242
75.28119659423828
68.51106262207031
56.508968353271484
61.30931091308594
78.12676239013672
64.92037200927734
73.89932250976562
73.44298553466797
68.70018005371094
73.56688690185547
62.98582458496094
67.48028564453125
69.18341827392578
65.31237030029297
67.95635986328125
75.11796569824219
72.43629455566406
64.40031433105469
70.24374389648438
69.20291900634766
69.92095947265625
69.72105407714844
63.49284744262695
70.4218521118164
66.63990783691406
67.13928985595703
60.49261474609375
65.04857635498047
70.83094024658203
70.32423400878906
65.7694091796875
61.95835876464844
67.63084411621094
72.74212646484375
74.81644439697266
56.5076904296875
77.66204833984375
68.0782241821289
67.89231872558594
75.12028503417969
52.33958053588867
76.02579498291016
58.50471878051758
67.42436981201172
71.76386260986328
69.34137725830078
48.38811111450195
71.98719787597656
67.25068664550781
58.254051208496094
64.38815307617188
76.66185760498047
61.8414306640625
76.90819549560547
53.38640213012695
68.51831817626953
72.06079864501953
64.48615264892578
63.7468147277832
68.4338150024414
74.93708038330078
54.832881927490234
75.8170394897461
69.78666687011719
80.64804077148438
66.57132720947266
59.337406158447266
65.6460952758789
51.76581573486328
59.679317474365234
57.23224639892578
59.904048919677734
55.56925582885742
57.2603759765625
69.28567504882812
59.767433166503906
71.47038269042969
58.86219024658203
61.67741394042969
72.96453094482422
53.8646354675293
61.092918395996094
63.90434646606445
60.068092346191406
47.02981185913086
71.64046478271484
71.63843536376953
65.4092025756836
58.922447204589844
59.22152328491211
71.34327697753906
60.418636322021484
68.01739501953125
69.91389465332031
76.90757751464844
66.70418548583984
62.430572509765625
73.10743713378906
62.3446159362793
77.8699722290039
66.25060272216797
72.48433685302734
66.751708984375
66.67489624023438
67.70803833007812
60.411930084228516
57.51759719848633
64.50411987304688
67.4334716796875
55.41260528564453
60.22597122192383
74.13233947753906
65.71912384033203
73.39698028564453
60.42253494262695
68.55660247802734
67.8076171875
72.74601745605469
65.80290222167969
64.11884307861328
71.18196105957031
61.44630813598633
61.28156661987305
64.55377960205078
66.55503845214844
67.40292358398438
50.49754333496094
69.5794448852539
69.99898529052734
70.65172576904297
69.92729949951172
66.10209655761719
67.47252655029297
69.39866638183594
56.730873107910156
71.1156005859375
62.053070068359375
69.82158660888672
54.14347839355469
65.30281066894531
66.26458740234375
60.2770881652832
72.21001434326172
64.0496826171875
70.05937957763672
76.4623794555664
69.43576049804688
74.86952209472656
73.00315856933594
73.76742553710938
67.33624267578125
74.51373291015625
66.77793884277344
63.872169494628906
72.99681854248047
58.88664245605469
55.11437225341797
66.39615631103516
69.99040985107422
62.059391021728516
66.16612243652344
57.123985290527344
63.1040153503418
68.9629898071289
75.8687515258789
66.65406799316406
62.14830017089844
64.0591812133789
71.69956970214844
74.58206176757812
55.23812484741211
63.182559967041016
60.54703903198242
59.642520904541016
66.28893280029297
75.49775695800781
65.5566177368164
74.0081558227539
56.004886627197266
68.25992584228516
63.73820877075195
71.3402328491211
74.0174789428711
72.5031509399414
57.21860885620117
76.25568389892578
71.93387603759766
58.98516082763672
69.59683990478516
69.93804931640625
71.05558776855469
49.37754440307617
68.1041488647461
61.85835647583008
51.64979934692383
70.47181701660156
65.54869842529297
75.6756820678711
65.34308624267578
55.64045715332031
58.9607048034668
75.15221405029297
62.54150390625
49.13484573364258
76.69788360595703
54.281314849853516
66.46761322021484
77.17564392089844
67.93118286132812
59.309043884277344
72.78507995605469
57.40391159057617
75.74609375
68.609619140625
68.04296112060547
64.60163116455078
73.20271301269531
53.7265625
67.7427978515625
65.57467651367188
59.425262451171875
64.70685577392578
60.64480209350586
75.69644165039062
66.07665252685547
68.51671600341797
56.53123092651367
65.20521545410156
75.71844482421875
64.19463348388672
69.04057312011719
59.53124237060547
73.90686798095703
64.98175811767578
72.82544708251953
61.50005340576172
69.71662902832031
72.89446258544922
66.99411010742188
67.91625213623047
71.52022552490234
62.6063232421875
59.525760650634766
72.63025665283203
54.431758880615234
65.69466400146484
75.89884948730469
63.360755920410156
69.54450988769531
73.21749877929688
73.65298461914062
60.91333770751953
76.88126373291016
59.51685333251953
68.54088592529297
68.67804718017578
78.6452865600586
77.57061767578125
69.44207000732422
66.15787506103516
70.47404479980469
60.61722183227539
54.69124984741211
54.592742919921875
66.99246215820312
67.65989685058594
57.69144058227539
64.68238830566406
73.6508560180664
64.40158081054688
70.24685668945312
64.97955322265625
59.795631408691406
51.25698471069336
64.46414184570312
64.53260040283203
50.97832107543945
74.26194763183594
60.81032943725586
73.5241470336914
63.79567337036133
60.505889892578125
66.3250961303711
65.22488403320312
66.24385833740234
59.404151916503906
63.21792984008789
69.69745635986328
75.36807250976562
60.6215705871582
58.97773361206055
61.07477951049805
60.202247619628906
70.68598175048828
77.01721954345703
63.42151641845703
59.05958557128906
55.1432991027832
61.33698272705078
70.31456756591797
67.66683197021484
72.98194885253906
62.8287353515625
60.127994537353516
65.65687561035156
66.67817687988281
70.16680145263672
54.98849868774414
69.69975280761719
60.58501052856445
68.10718536376953
58.208431243896484
70.6868667602539
57.66781997680664
61.12355041503906
72.96659851074219
53.97211456298828
58.982391357421875
61.44612121582031
67.58324432373047
57.27959442138672
61.85258102416992
67.16788482666016
63.71292495727539
56.268028259277344
65.21458435058594
72.2785873413086
72.66118621826172
62.041683197021484
65.76986694335938
63.082706451416016
62.32583236694336
57.483428955078125
53.76420593261719
63.67740249633789
57.4644775390625
62.683616638183594
60.95330810546875
62.989280700683594
74.52142333984375
69.37661743164062
66.24510955810547
70.52133178710938
70.05256652832031
77.20166015625
66.93328857421875
72.2900619506836
73.15204620361328
53.584495544433594
67.5511474609375
54.404335021972656
50.371097564697266
65.0395278930664
64.92335510253906
65.80912017822266
59.81585693359375
48.826148986816406
72.21858215332031
57.60312271118164
71.81609344482422
67.85325622558594
62.40589904785156
70.5254135131836
51.448787689208984
67.1075210571289
65.67059326171875
58.089778900146484
72.51360321044922
61.00661087036133
60.24352264404297
71.75609588623047
53.55210876464844
56.48175811767578
68.64057159423828
60.23383331298828
65.24824523925781
60.00346374511719
70.83941650390625
67.13062286376953
61.25251007080078
61.96238327026367
58.353633880615234
63.64693069458008
61.354244232177734
67.87613677978516
65.24333953857422
59.62393569946289
63.59864807128906
69.89104461669922
68.69590759277344
68.22160339355469
70.61505889892578
67.0037612915039
71.82472229003906
68.12278747558594
65.40302276611328
55.70148849487305
76.75787353515625
60.4253044128418
60.373661041259766
66.78555297851562
66.07838439941406
64.59403228759766
61.79638671875
66.81573486328125
68.77616882324219
65.41116333007812
71.19609832763672
70.40972137451172
61.713775634765625
73.1122055053711
64.91059112548828
58.10026550292969
61.83576202392578
62.99446487426758
63.02900314331055
66.49189758300781
58.997257232666016
67.07733917236328
64.04975891113281
65.27246856689453
67.15436553955078
63.45967483520508
55.424583435058594
66.38543701171875
74.90840148925781
68.63360595703125
62.775184631347656
64.34614562988281
61.51152420043945
66.09127044677734
67.4815673828125
62.02055358886719
67.88090515136719
71.02188110351562
71.23822784423828
66.76408386230469
57.066341400146484
57.83709716796875
72.81360626220703
66.49650573730469
67.02213287353516
75.90574645996094
63.328529357910156
67.8230972290039
67.33782196044922
58.52151107788086
65.5095443725586
60.97267150878906
71.83118438720703
58.28314971923828
63.324771881103516
73.53522491455078
57.250755310058594
66.44183349609375
61.99748611450195
61.538822174072266
60.98341369628906
62.62865447998047
59.86125183105469
52.12334060668945
57.601341247558594
56.680538177490234
69.2086181640625
64.76560974121094
57.76060485839844
69.87718963623047
69.01505279541016
64.7549057006836
73.07929229736328
68.58898162841797
62.76359558105469
63.69010925292969
61.627498626708984
65.05106353759766
66.32571411132812
66.4903564453125
61.1762809753418
59.300933837890625
59.64152526855469
56.75113296508789
54.74911880493164
66.25835418701172
59.679603576660156
74.4109115600586
67.08644104003906
68.10824584960938
58.450130462646484
65.45393371582031
67.86737060546875
57.8688850402832
64.96842956542969
65.36298370361328
68.77197265625
67.14434051513672
55.091217041015625
65.44793701171875
66.0369873046875
64.68960571289062
59.961788177490234
59.436065673828125
52.79074478149414
70.52618408203125
70.23754119873047
58.32685470581055
64.82205200195312
66.30106353759766
71.37142944335938
61.25047302246094
69.95128631591797
55.743125915527344
67.14494323730469
58.34532165527344
73.66304016113281
66.08612060546875
66.41079711914062
59.44180679321289
70.00962829589844
59.07371520996094
52.404571533203125
67.12840270996094
46.31908416748047
64.61760711669922
68.17561340332031
57.62240219116211
66.55164337158203
73.49925231933594
71.29198455810547
66.84109497070312
66.42500305175781
58.40964889526367
66.95602416992188
73.46774291992188
61.45193862915039
62.77733612060547
61.11215591430664
58.18230438232422
59.641056060791016
56.745933532714844
61.383766174316406
57.47871398925781
59.735904693603516
70.80876922607422
69.23323822021484
71.6776351928711
60.79779052734375
69.8727798461914
61.540462493896484
66.08832550048828
64.48336791992188
54.10147476196289
63.77090835571289
60.7540168762207
74.4561767578125
68.39493560791016
61.78851318359375
57.25241470336914
59.79521560668945
52.78460693359375
66.32512664794922
65.46334838867188
68.05231475830078
69.09867095947266
74.31553649902344
67.85391998291016
56.560951232910156
70.85319519042969
52.10868835449219
67.4051742553711
63.17991638183594
70.14115142822266
56.686439514160156
68.07173156738281
62.15095520019531
68.70463562011719
61.86275863647461
61.185462951660156
68.92850494384766
53.83246994018555
62.75849151611328
57.661617279052734
51.9936408996582
73.97367858886719
56.42228317260742
66.48937225341797
66.21617126464844
64.04981994628906
70.01988220214844
53.837947845458984
61.848758697509766
66.49042510986328
60.58802795410156
64.86431121826172
66.56275939941406
65.18704223632812
61.094268798828125
67.15984344482422
69.56474304199219
57.51742172241211
60.48051071166992
61.03034210205078
61.386898040771484
72.01261138916016
57.97321319580078
74.10797119140625
65.83601379394531
68.85585021972656
67.41670989990234
63.654449462890625
64.26708984375
58.82619094848633
60.18366622924805
59.40685272216797
67.82569885253906
67.672607421875
72.9671859741211
63.3492431640625
54.42170333862305
59.85895919799805
58.315792083740234
65.17129516601562
66.83183288574219
65.31932067871094
67.33692932128906
64.69491577148438
67.1910629272461
62.759605407714844
62.823883056640625
56.90495300292969
62.686500549316406
55.181251525878906
60.18207550048828
56.37089920043945
51.58845520019531
63.10499954223633
70.69999694824219
61.078853607177734
72.50629425048828
58.525596618652344
52.038108825683594
71.27796173095703
65.77041625976562
69.57789611816406
59.81426239013672
55.235389709472656
56.65434265136719
60.25323486328125
70.38614654541016
70.4209976196289
69.0345458984375
63.374202728271484
64.5118179321289
55.85041809082031
64.1171875
62.693115234375
58.98894500732422
67.5442886352539
57.3871955871582
57.06789016723633
60.83027267456055
57.116920471191406
55.89335632324219
55.983219146728516
57.961814880371094
62.94245910644531
58.81117248535156
61.75180435180664
62.10478591918945
59.904293060302734
61.512596130371094
58.542510986328125
62.76312255859375
66.57622528076172
58.90267562866211
71.1985855102539
62.09372329711914
60.03789520263672
72.44109344482422
73.16463470458984
67.16771697998047
56.617210388183594
64.09683227539062
57.19657516479492
54.43375778198242
67.63450622558594
71.08394622802734
65.5615005493164
67.68150329589844
67.95580291748047
70.98976135253906
58.99253845214844
61.91973876953125
67.5214614868164
64.64099884033203
58.11393737792969
57.47245788574219
71.80587768554688
71.87213134765625
63.19432067871094
65.49060821533203
68.52571105957031
65.68793487548828
68.56574249267578
56.588783264160156
64.43917083740234
63.75181579589844
67.2209701538086
52.413272857666016
64.81453704833984
63.93641662597656
76.42034149169922
61.82718276977539
58.494144439697266
55.44496536254883
65.00594329833984
61.578460693359375
65.13442993164062
64.02791595458984
63.212669372558594
59.9261589050293
69.19799041748047
56.3198356628418
65.33421325683594
57.28459167480469
72.6897201538086
69.90396118164062
57.11500930786133
65.54121398925781
71.0079574584961
58.79981994628906
62.024837493896484
62.34300994873047
70.90057373046875
62.3810920715332
57.64153289794922
59.11803436279297
59.41858673095703
61.70184326171875
61.40450668334961
64.63008117675781
72.718994140625
70.62370300292969
64.6808853149414
65.57746124267578
59.997501373291016
67.44269561767578
56.14783477783203
54.867897033691406
53.03917694091797
67.46781921386719
67.50731658935547
67.80044555664062
62.71688461303711
59.531375885009766
63.30279541015625
66.45023345947266
69.42839813232422
59.813785552978516
68.28663635253906
58.791805267333984
55.52348709106445
56.66438293457031
61.49950408935547
58.09346389770508
62.84048843383789
63.75104904174805
51.5986328125
59.8253173828125
61.34392166137695
54.1457633972168
66.60172271728516
60.2250862121582
63.89457321166992
52.650089263916016
56.85390090942383
63.85493469238281
57.339168548583984
52.48707580566406
60.54595947265625
60.59598159790039
51.157466888427734
69.90827941894531
60.95556640625
60.19187545776367
66.78097534179688
65.22390747070312
60.612281799316406
68.01587677001953
59.0641975402832
54.61664962768555
69.92448425292969
56.43579864501953
69.03225708007812
64.85454559326172
55.55940628051758
62.2018928527832
57.34126663208008
67.2012939453125
60.82133102416992
59.8734130859375
62.318782806396484
62.735538482666016
63.14073181152344
68.17924499511719
55.27985763549805
54.595516204833984
61.494632720947266
69.30343627929688
65.96940612792969
59.85997772216797
60.499061584472656
63.19462966918945
61.867679595947266
55.16948699951172
57.67827606201172
62.92152404785156
62.00007629394531
59.06801986694336
58.415592193603516
61.49344253540039
63.39501190185547
61.09608840942383
57.02629089355469
55.23189163208008
61.82825469970703
68.63707733154297
58.807106018066406
62.28520584106445
53.434322357177734
58.83827590942383
74.68901062011719
59.44475555419922
58.5238037109375
61.80724334716797
59.61748504638672
64.35330963134766
57.00898361206055
65.65870666503906
52.407718658447266
55.25560760498047
62.60960006713867
58.379695892333984
55.45603942871094
72.51838684082031
66.08934783935547
65.6478500366211
55.76818084716797
55.383480072021484
57.02840805053711
55.85704803466797
56.92279052734375
53.384765625
61.710289001464844
66.95928955078125
63.160030364990234
56.545188903808594
71.97955322265625
66.24825286865234
57.15349578857422
66.23310852050781
57.0616455078125
61.04008865356445
68.48504638671875
64.55707550048828
55.8065185546875
47.67488479614258
61.261817932128906
70.61510467529297
62.22868347167969
59.60665512084961
58.214229583740234
62.91170120239258
51.13649368286133
60.8331184387207
64.7805404663086
61.04543685913086
66.75263977050781
60.46967315673828
62.949554443359375
72.30081176757812
65.4706039428711
72.28933715820312
63.420204162597656
56.33415603637695
57.102012634277344
59.65198516845703
62.01725769042969
53.84989547729492
63.67822265625
54.32624053955078
73.34707641601562
53.198707580566406
60.535762786865234
57.03533172607422
61.77758026123047
63.63824462890625
59.99732971191406
63.20066833496094
57.81112289428711
59.13114929199219
64.71755981445312
61.84706497192383
65.3197250366211
61.186561584472656
61.364830017089844
48.18119812011719
57.88822555541992
55.60872268676758
63.08544921875
53.154808044433594
56.09748458862305
63.64174270629883
60.8444938659668
59.17381286621094
58.20584487915039
43.17586898803711
70.11927795410156
58.771995544433594
63.03041076660156
61.56526565551758
62.40323257446289
54.00261688232422
58.05867004394531
64.58979797363281
63.61895751953125
58.104183197021484
58.62639236450195
63.12372970581055
62.923301696777344
59.03017044067383
54.01950454711914
61.93272018432617
65.98707580566406
69.52911376953125
70.84523010253906
54.06149673461914
70.68119049072266
64.93693542480469
58.71870040893555
65.37591552734375
55.02436065673828
51.37117004394531
53.77819061279297
61.98930740356445
63.29596710205078
57.278541564941406
69.8633804321289
63.799522399902344
71.82645416259766
52.04051971435547
58.20399856567383
51.84852981567383
62.26588439941406
61.196388244628906
66.10302734375
68.7041244506836
67.88240051269531
64.35961151123047
56.27851104736328
60.3016471862793
60.69298553466797
67.00993347167969
63.85126876831055
59.36431884765625
63.727386474609375
61.62085723876953
71.65174102783203
49.070560455322266
62.842918395996094
65.39527130126953
67.8543472290039
64.19339752197266
59.061363220214844
61.569053649902344
64.55425262451172
63.322811126708984
64.4217529296875
66.03447723388672
63.81747817993164
58.47883987426758
72.45919036865234
65.42024993896484
60.55984115600586
64.56110382080078
63.80851364135742
58.096397399902344
66.92837524414062
61.449462890625
58.83452224731445
59.39576721191406
61.11249542236328
66.8313217163086
64.6823501586914
63.70240020751953
62.20191955566406
64.15657806396484
61.527854919433594
58.74201202392578
59.71871566772461
65.7176284790039
70.49803924560547
56.21223831176758
58.976097106933594
64.14179229736328
48.75881576538086
61.07691192626953
65.81219482421875
52.61895751953125
57.619140625
59.12340545654297
61.72669982910156
57.40229797363281
51.01498794555664
60.28054428100586
58.8723030090332
58.59602355957031
64.47496032714844
65.6705322265625
59.914093017578125
63.12374496459961
61.07695388793945
65.2139663696289
63.56985092163086
60.67768859863281
54.684635162353516
61.70293045043945
47.00786209106445
50.78810501098633
64.33586120605469
63.49436950683594
58.299686431884766
60.949703216552734
57.74870681762695
55.3058967590332
69.53573608398438
59.35483169555664
68.92996978759766
63.43511962890625
54.32354736328125
60.41636276245117
62.565975189208984
63.13216018676758
58.8922233581543
60.80803680419922
64.3584213256836
59.864200592041016
53.30738830566406
66.4781494140625
58.29320526123047
61.424495697021484
60.789859771728516
62.46725845336914
49.28290557861328
56.69844055175781
56.228633880615234
55.5556526184082
47.72861099243164
66.16960906982422
65.17057037353516
70.04399871826172
60.56271743774414
61.45481872558594
50.26291275024414
47.04792022705078
67.00788116455078
43.76595687866211
59.8914680480957
50.99344253540039
51.351932525634766
63.612213134765625
59.22924041748047
48.744991302490234
57.98596954345703
55.841800689697266
65.60784912109375
69.39177703857422
66.08975982666016
65.68404388427734
56.55329132080078
58.598045349121094
71.12240600585938
49.44647216796875
62.5228385925293
61.206722259521484
64.14987182617188
57.29485321044922
62.44361114501953
60.07590103149414
65.40530395507812
61.594173431396484
60.298194885253906
67.8580551147461
60.567134857177734
58.64400100708008
58.42277526855469
64.00399780273438
60.01900100708008
59.82640838623047
53.158103942871094
65.4334716796875
56.8722038269043
67.54229736328125
60.377845764160156
59.25875473022461
65.16365814208984
61.404136657714844
62.594085693359375
70.2929458618164
61.30824279785156
67.22127532958984
73.51079559326172
59.64027786254883
72.56156921386719
63.958492279052734
60.941341400146484
63.716400146484375
61.20585250854492
63.12717819213867
61.41580581665039
63.952938079833984
62.69248962402344
50.49502182006836
52.51630401611328
64.58810424804688
68.5235824584961
63.77715301513672
56.623573303222656
68.32077026367188
70.49560546875
52.99940872192383
63.569087982177734
65.89718627929688
60.123783111572266
61.54449462890625
54.11946487426758
56.7910270690918
65.83999633789062
63.439788818359375
49.80474853515625
63.646018981933594
56.29780197143555
59.82106399536133
54.57417678833008
57.24535369873047
58.7928352355957
64.09857177734375
65.59398651123047
55.875762939453125
51.373783111572266
55.7167854309082
62.15692901611328
52.66130065917969
58.82109451293945
52.74598693847656
64.20712280273438
55.51478576660156
45.8189811706543
50.73681640625
66.4084243774414
53.27727508544922
64.41592407226562
64.45374298095703
64.53767395019531
61.458370208740234
61.00043869018555
61.69294357299805
64.09651947021484
55.722686767578125
62.53034973144531
61.209686279296875
53.38227081298828
57.02544021606445
54.71178436279297
57.15297317504883
50.436676025390625
62.00761413574219
57.770469665527344
56.65425491333008
54.1295166015625
58.24779510498047
58.21905517578125
60.3786735534668
43.976478576660156
62.709808349609375
47.380924224853516
55.24243927001953
65.02527618408203
68.64009094238281
61.48960876464844
57.43788146972656
56.89604187011719
62.25469970703125
63.79963302612305
55.999107360839844
51.67658615112305
57.01103591918945
59.014434814453125
54.421974182128906
54.68056869506836
63.19235610961914
62.053321838378906
57.038875579833984
65.03974151611328
53.877906799316406
57.60702896118164
64.93671417236328
52.495330810546875
55.10811996459961
63.8110237121582
60.189151763916016
62.992767333984375
67.07228088378906
62.37055206298828
55.51331329345703
63.216896057128906
62.38146209716797
60.3857307434082
54.5445671081543
56.5426139831543
56.83872604370117
56.07878112792969
71.28780364990234
66.57091522216797
58.021419525146484
62.60185241699219
53.24679946899414
62.85617446899414
55.350135803222656
52.733116149902344
65.06938934326172
52.29983901977539
63.53902053833008
59.532901763916016
62.935184478759766
60.65684127807617
49.5181770324707
55.576683044433594
66.03290557861328
52.885826110839844
63.867191314697266
51.60769271850586
56.51192092895508
59.05632400512695
59.03377151489258
52.785377502441406
63.72293472290039
64.2623062133789
69.59208679199219
59.82423782348633
53.667057037353516
53.10151290893555
55.46525955200195
52.13763427734375
66.98303985595703
64.6025390625
52.993431091308594
64.26629638671875
55.14012908935547
50.1641731262207
61.08055877685547
59.789695739746094
64.21092987060547
56.50956726074219
68.63092803955078
61.05120849609375
56.94463348388672
63.3319206237793
57.03158187866211
53.46925354003906
62.92213821411133
67.64282989501953
70.46295928955078
69.22738647460938
64.1553955078125
56.51953887939453
65.3260726928711
57.97917556762695
56.07513427734375
60.152984619140625
61.013004302978516
62.83570861816406
60.421085357666016
57.584388732910156
66.15725708007812
60.47221755981445
64.94933319091797
64.52226257324219
55.90587615966797
54.20028305053711
52.487754821777344
60.635711669921875
53.014244079589844
53.8061408996582
54.640411376953125
54.5997200012207
58.0239143371582
65.11749267578125
50.903316497802734
56.94040298461914
64.93924713134766
53.070770263671875
53.666297912597656
70.17855834960938
62.09495162963867
65.72691345214844
58.42974090576172
57.06143569946289
65.61663055419922
59.44402313232422
61.754356384277344
63.026187896728516
54.09827423095703
55.03708267211914
64.6683349609375
57.17791748046875
56.67805862426758
58.40824890136719
67.55632019042969
57.25787353515625
45.81290817260742
59.06658935546875
63.414920806884766
46.0889892578125
64.3896255493164
51.16727066040039
54.7416877746582
57.17988204956055
63.06222915649414
57.01584243774414
55.082088470458984
49.25259780883789
49.287662506103516
62.439476013183594
63.68933868408203
55.540008544921875
67.7713394165039
62.41583251953125
60.392086029052734
63.65727615356445
60.290184020996094
53.05550765991211
60.365909576416016
59.666847229003906
58.65901184082031
54.185970306396484
54.021461486816406
55.333370208740234
59.63820266723633
55.398170471191406
51.69544219970703
64.41500854492188
56.56932067871094
55.545833587646484
61.15769958496094
60.809505462646484
59.058441162109375
63.298980712890625
60.50807189941406
64.04986572265625
60.219356536865234
55.517616271972656
48.93251419067383
50.521575927734375
49.394508361816406
59.827491760253906
46.02094268798828
63.792015075683594
62.24407196044922
65.79475402832031
60.14713668823242
46.70351028442383
56.05478286743164
65.35381317138672
58.06243896484375
61.41337203979492
66.54261016845703
62.201114654541016
64.21992492675781
58.72868347167969
58.519283294677734
55.033199310302734
58.60810089111328
55.865421295166016
59.71405029296875
55.68651580810547
53.47361755371094
67.02647399902344
51.562782287597656
59.25480270385742
61.58329772949219
58.28194046020508
63.58842468261719
50.21653366088867
57.6851921081543
55.88736343383789
64.45216369628906
61.213523864746094
53.90998077392578
50.52278518676758
54.117427825927734
65.73765563964844
53.19818878173828
54.94392776489258
57.97819137573242
50.656368255615234
49.12603759765625
52.11500930786133
51.85786819458008
60.04888916015625
62.49714660644531
60.526729583740234
59.775028228759766
65.01783752441406
64.51748657226562
63.338829040527344
61.349815368652344
58.002689361572266
61.070621490478516
57.8415412902832
51.82821273803711
62.90424346923828
65.36190795898438
66.90708923339844
55.84076690673828
58.861045837402344
48.963783264160156
59.5089111328125
58.77875900268555
54.01530838012695
58.67109680175781
48.671653747558594
62.598045349121094
53.83523178100586
62.19043731689453
58.46240234375
57.72549819946289
56.28437805175781
57.32126998901367
59.7243537902832
56.7028694152832
56.86290740966797
50.551082611083984
53.54947280883789
55.28517532348633
55.42459487915039
53.260643005371094
55.755828857421875
57.49040985107422
60.38927459716797
63.16376495361328
59.03753662109375
53.10576248168945
58.101802825927734
60.0705680847168
65.17975616455078
54.05248260498047
53.59686279296875
63.122962951660156
58.03289794921875
55.96648025512695
57.17023849487305
57.33793258666992
56.16984176635742
67.74732208251953
63.87902069091797
48.3287353515625
58.891883850097656
64.5719223022461
57.86787414550781
52.644569396972656
53.922237396240234
63.52899932861328
58.649356842041016
64.9573745727539
64.60383605957031
61.74797439575195
64.1217041015625
59.10038375854492
54.627201080322266
60.804237365722656
62.12895202636719
49.10584259033203
65.99226379394531
57.10014724731445
57.828643798828125
52.659149169921875
57.74165725708008
48.62370681762695
52.86943054199219
61.80583190917969
55.928794860839844
58.67927169799805
61.286441802978516
56.133487701416016
52.43999099731445
53.64214324951172
66.26335144042969
54.94668960571289
55.00773620605469
56.956424713134766
63.89588165283203
62.29615020751953
54.008670806884766
46.6260871887207
61.720611572265625
58.89679718017578
64.04146575927734
54.08284378051758
52.46965026855469
52.95524597167969
59.85737609863281
64.26741790771484
59.35396957397461
52.562129974365234
61.75389099121094
53.88041305541992
61.18948745727539
62.872840881347656
52.02752685546875
67.07256317138672
57.55073547363281
59.50088882446289
62.15910339355469
59.12551498413086
61.12102127075195
56.5808219909668
60.13041305541992
56.9630126953125
65.04300689697266
64.08427429199219
55.6014404296875
64.29646301269531
54.007450103759766
58.842559814453125
60.019775390625
61.70302200317383
47.6431999206543
52.523014068603516
54.94061279296875
52.094085693359375
55.90495681762695
51.51825714111328
57.920284271240234
52.167903900146484
63.600276947021484
60.76738739013672
54.47768783569336
61.48276138305664
62.72953796386719
57.53740310668945
63.80521774291992
58.837955474853516
60.612274169921875
54.057743072509766
53.775054931640625
56.76850128173828
61.86801528930664
61.498348236083984
59.04950714111328
57.618927001953125
54.73831558227539
52.550506591796875
59.064453125
61.71206283569336
64.05480194091797
52.5855598449707
51.50708770751953
64.0057373046875
61.5670166015625
62.375465393066406
59.872920989990234
57.41982650756836
57.28426742553711
62.301700592041016
64.75505065917969
52.783058166503906
57.71220779418945
42.2882194519043
58.74322509765625
56.6721305847168
62.72868728637695
60.43293380737305
63.198204040527344
53.207618713378906
53.227542877197266
55.59814453125
66.23868560791016
61.47831344604492
55.9122200012207
55.69802474975586
58.86665725708008
54.69792556762695
59.50040817260742
62.10692596435547
63.357608795166016
57.17829513549805
60.828372955322266
56.61543273925781
56.282196044921875
57.30663299560547
59.001556396484375
52.72943878173828
60.92110061645508
59.74814224243164
50.5852165222168
55.398738861083984
60.872352600097656
61.3410758972168
64.97034454345703
52.82767868041992
49.469024658203125
57.22407531738281
63.1235237121582
54.68840408325195
50.07102584838867
59.05360412597656
59.150718688964844
62.37784957885742
52.08616638183594
57.02056884765625
63.45566177368164
60.13908386230469
54.58132553100586
60.63272476196289
60.50947189331055
57.69968795776367
60.23112487792969
59.02826690673828
46.80029296875
52.947303771972656
54.28443908691406
54.661338806152344
63.0412712097168
56.4661865234375
64.84913635253906
54.65604782104492
56.90212631225586
56.56867218017578
57.491092681884766
56.627662658691406
62.17633819580078
53.43596649169922
64.89337158203125
57.22309112548828
52.05219650268555
62.54646682739258
53.49959945678711
47.03089141845703
47.0473747253418
65.87834930419922
52.064002990722656
57.05064392089844
53.13182067871094
55.58254623413086
65.15264129638672
54.52944564819336
54.63839340209961
58.77736282348633
45.965091705322266
51.747806549072266
55.5527458190918
54.46324920654297
59.1146354675293
53.08717727661133
50.04966354370117
53.410831451416016
60.376827239990234
58.035030364990234
60.829124450683594
60.05814743041992
51.6226806640625
54.10568618774414
59.11681365966797
60.8057975769043
56.506595611572266
58.59758377075195
51.84734344482422
64.63692474365234
58.457183837890625
55.23421859741211
63.9786262512207
47.36202621459961
60.05438232421875
62.24855041503906
56.00591278076172
54.41353988647461
59.8590202331543
55.984413146972656
64.6980972290039
69.60546875
53.601158142089844
65.97615051269531
62.42192459106445
51.75822830200195
53.04847717285156
51.88484191894531
59.053916931152344
52.44921112060547
62.186668395996094
57.118595123291016
61.00590896606445
60.37424087524414
54.3339958190918
60.54690170288086
59.7020378112793
56.70210266113281
58.77567672729492
57.66621017456055
61.067344665527344
59.75057601928711
53.3028564453125
49.39665222167969
54.06044006347656
55.82294845581055
57.569210052490234
56.798519134521484
57.83644104003906
49.003902435302734
57.454315185546875
55.021793365478516
48.34642791748047
48.86014938354492
57.52155303955078
58.65142059326172
56.077293395996094
58.57662582397461
56.320472717285156
54.95274353027344
55.24734115600586
58.0941047668457
57.06744384765625
51.15143966674805
49.39501190185547
51.60801696777344
52.146148681640625
47.935760498046875
56.74238586425781
48.84217834472656
51.316524505615234
56.52750778198242
55.81026077270508
63.652305603027344
63.68669128417969
63.74123764038086
55.978092193603516
55.027984619140625
65.55378723144531
58.7574462890625
55.93074035644531
58.41453170776367
52.856571197509766
55.274200439453125
62.97929763793945
58.54084396362305
63.99778747558594
59.46043395996094
54.12601089477539
60.16122055053711
64.24410247802734
53.065650939941406
61.75771713256836
62.964324951171875
62.1953010559082
58.73107147216797
56.34035110473633
59.06552505493164
56.86653518676758
58.85064697265625
55.82804870605469
55.22764587402344
59.189292907714844
61.9900016784668
66.03269958496094
62.94689178466797
55.69857406616211
63.10758590698242
52.38510513305664
56.92024230957031
61.51462936401367
57.60151672363281
60.745059967041016
59.305267333984375
56.20503616333008
52.657161712646484
63.36391067504883
63.16666030883789
62.811134338378906
60.81938171386719
59.5901985168457
51.52827835083008
56.9179573059082
57.14981460571289
64.92731475830078
58.80747985839844
57.480224609375
57.04059982299805
54.14838790893555
62.106651306152344
53.077327728271484
52.867984771728516
52.85938262939453
59.077491760253906
67.45024871826172
56.35174560546875
50.24827194213867
59.26517868041992
61.70985412597656
50.95197677612305
57.74917221069336
48.90553665161133
59.811790466308594
56.69594955444336
60.387271881103516
57.340728759765625
58.755836486816406
46.95903778076172
63.473846435546875
55.245819091796875
60.803733825683594
61.654685974121094
58.292396545410156
50.993534088134766
54.39228439331055
54.89484405517578
60.84973907470703
52.44959259033203
64.13314819335938
59.77250671386719
59.841922760009766
51.456214904785156
54.335350036621094
57.74708557128906
56.89139938354492
55.416439056396484
56.98365020751953
58.69584655761719
56.44874954223633
54.051605224609375
57.75048065185547
60.24778747558594
63.28232955932617
54.379295349121094
62.819541931152344
60.130279541015625
56.42694091796875
59.963871002197266
55.12790298461914
63.518165588378906
58.230228424072266
54.73625946044922
62.589630126953125
60.568443298339844
54.95138168334961
53.057289123535156
59.52756118774414
54.64033889770508
59.29094696044922
52.99982452392578
61.158294677734375
49.08884811401367
56.14738082885742
56.91151428222656
48.69609069824219
58.43332290649414
59.53607177734375
61.258033752441406
60.27912521362305
53.842506408691406
55.17579650878906
60.0140266418457
55.35372543334961
60.15367889404297
59.24370193481445
61.80398941040039
52.721736907958984
58.90724182128906
55.52742004394531
50.33112716674805
66.9471435546875
59.12101745605469
58.45832443237305
54.70069122314453
61.40410614013672
65.577880859375
62.697025299072266
64.89024353027344
53.5898551940918
57.39593505859375
48.02246856689453
61.574703216552734
56.39710235595703
61.531253814697266
57.986732482910156
53.69660186767578
58.307769775390625
59.520042419433594
58.27949523925781
60.652095794677734
47.965972900390625
54.468509674072266
60.08530807495117
65.56473541259766
49.117576599121094
62.25458526611328
57.10512161254883
58.48501968383789
52.62942123413086
57.276153564453125
51.96525192260742
56.19053649902344
54.72990798950195
60.42144775390625
53.17048645019531
55.94978332519531
60.11200714111328
55.328826904296875
57.41154098510742
54.27574157714844
56.75998306274414
57.04856491088867
52.0488166809082
60.03506851196289
61.153106689453125
62.619476318359375
53.149070739746094
53.34244155883789
56.0172233581543
58.006675720214844
60.90482711791992
54.31058120727539
53.35880661010742
56.05016326904297
56.525779724121094
61.96312713623047
57.3231086730957
63.7890510559082
59.86252212524414
50.37289810180664
57.73990249633789
55.02412033081055
64.04771423339844
58.62275314331055
57.532981872558594
60.282928466796875
53.110191345214844
56.68339157104492
56.180137634277344
60.006473541259766
59.157596588134766
54.94339370727539
57.736595153808594
47.5874137878418
55.752685546875
51.331207275390625
56.525001525878906
58.691558837890625
57.37775802612305
54.112022399902344
53.09648132324219
45.41660690307617
42.46168899536133
55.06345748901367
50.589534759521484
49.61994171142578
51.36302185058594
56.5858268737793
52.146995544433594
61.44782257080078
50.740753173828125
65.07167053222656
51.98173904418945
52.41546630859375
48.38801193237305
60.06092834472656
51.41853332519531
48.1705322265625
50.820220947265625
52.14908981323242
56.86349105834961
51.601890563964844
50.48695755004883
50.46399688720703
57.75338363647461
57.97346115112305
60.8384895324707
52.7729606628418
55.11935806274414
47.05615234375
50.28860092163086
50.989078521728516
54.100677490234375
52.18681716918945
51.20467758178711
59.53260040283203
58.17082595825195
57.901771545410156
59.05023193359375
58.987525939941406
56.46506118774414
51.19063949584961
55.857757568359375
46.42523193359375
66.33795928955078
58.40913391113281
57.9185676574707
58.42867660522461
48.7960319519043
56.04644775390625
63.319580078125
49.17727279663086
61.65877914428711
50.745426177978516
55.15729904174805
64.09408569335938
61.991939544677734
55.032203674316406
55.62290954589844
64.06417083740234
56.113792419433594
55.66191101074219
55.52919006347656
56.59690475463867
55.9540901184082
56.22601318359375
56.54315185546875
53.84779739379883
47.040771484375
60.564186096191406
54.90092468261719
55.076210021972656
52.18598937988281
49.32004928588867
57.2041130065918
55.724124908447266
41.918643951416016
50.49341583251953
60.67543029785156
58.843605041503906
51.779869079589844
59.08772659301758
54.358917236328125
50.343143463134766
46.83407211303711
48.15142822265625
55.16008758544922
59.581085205078125
48.52154541015625
55.2060661315918
60.022369384765625
54.4654655456543
57.16720962524414
57.031768798828125
52.38901138305664
56.671051025390625
54.49968719482422
64.68302154541016
47.730262756347656
52.655799865722656
59.2922248840332
56.252586364746094
53.51927947998047
59.17900848388672
63.30642318725586
54.75687789916992
56.44025802612305
55.704917907714844
51.87197494506836
59.5611572265625
61.013343811035156
56.76171112060547
55.330780029296875
62.092308044433594
60.385066986083984
54.86091995239258
58.301116943359375
55.62151336669922
46.94403839111328
56.82030487060547
52.73194885253906
61.92581558227539
58.867008209228516
54.23652267456055
59.317657470703125
52.2745475769043
54.673946380615234
55.02238464355469
54.398170471191406
51.67057418823242
48.196773529052734
58.904781341552734
60.8875617980957
57.854400634765625
52.51927185058594
52.208953857421875
51.2684440612793
55.419349670410156
55.775840759277344
62.126277923583984
41.59882354736328
60.08647918701172
58.505836486816406
55.684722900390625
49.630794525146484
64.1016616821289
54.66242980957031
54.20884323120117
48.20001983642578
54.3166618347168
47.82024002075195
55.879024505615234
51.834754943847656
57.04951477050781
54.57719421386719
56.10238265991211
52.85402297973633
50.14817810058594
55.95144271850586
44.93705749511719
47.699161529541016
50.605133056640625
49.19422912597656
50.23298645019531
47.019771575927734
53.51066207885742
57.019859313964844
57.24740219116211
55.321388244628906
51.92671585083008
61.919795989990234
53.58539581298828
49.49335479736328
56.28520965576172
56.08363342285156
50.69267272949219
62.900150299072266
58.953330993652344
56.415618896484375
50.76958465576172
63.26859664916992
52.06026840209961
55.209110260009766
63.58186340332031
56.03567123413086
51.55318832397461
46.35599136352539
53.40184020996094
47.08679962158203
56.661720275878906
54.54791259765625
62.28951644897461
55.128631591796875
60.17416000366211
57.655250549316406
53.89214324951172
49.41653823852539
60.857906341552734
59.87411117553711
55.94016647338867
56.1705207824707
46.787288665771484
58.6428108215332
59.03058624267578
52.99707794189453
56.722530364990234
51.13816452026367
61.12087631225586
62.509212493896484
55.13581848144531
57.60973358154297
50.287391662597656
55.862037658691406
55.17918395996094
47.97758483886719
59.84682083129883
54.1495361328125
57.89973449707031
55.457130432128906
59.57538604736328
47.85983657836914
55.71708679199219
54.500450134277344
58.10646057128906
57.279449462890625
60.98761749267578
52.44591522216797
58.287479400634766
50.78805923461914
52.901588439941406
52.526363372802734
57.28529739379883
49.65851974487305
54.44414520263672
55.98218536376953
60.27811050415039
59.19632339477539
60.057037353515625
57.4488410949707
55.76066970825195
53.27669143676758
61.59357452392578
58.84412384033203
56.817955017089844
55.477630615234375
53.60782241821289
51.95582580566406
54.74266815185547
52.892765045166016
54.58715057373047
66.97030639648438
55.270748138427734
47.84939193725586
53.56315231323242
45.74315643310547
52.63078308105469
52.186832427978516
50.97780990600586
53.01580047607422
55.41675567626953
61.22172927856445
54.322669982910156
56.29636001586914
51.91440200805664
54.67377853393555
55.600685119628906
50.2509880065918
52.44908142089844
55.05919647216797
53.88285827636719
57.90483474731445
58.301944732666016
55.70801544189453
54.74522399902344
48.06456756591797
50.47099304199219
54.89087677001953
56.65094757080078
52.89560317993164
55.35209655761719
58.033172607421875
57.18896484375
57.02661895751953
58.16988754272461
51.609947204589844
51.6524658203125
54.803985595703125
48.18326187133789
53.87797927856445
49.29317092895508
59.537288665771484
61.0217399597168
50.68718719482422
48.51835250854492
59.67039489746094
61.66849899291992
54.47135925292969
48.87921905517578
51.16014862060547
50.52698516845703
49.66156005859375
48.743194580078125
49.690860748291016
47.8770866394043
50.34378433227539
52.86101531982422
51.57301330566406
50.375022888183594
55.45073699951172
56.29230880737305
50.43149948120117
50.08966827392578
48.73230743408203
55.449344635009766
56.75177764892578
56.21464920043945
60.544437408447266
53.17289733886719
48.23041534423828
51.97417449951172
57.52959060668945
58.8093147277832
50.4205207824707
50.597415924072266
52.6302604675293
54.90071105957031
58.07174301147461
55.984527587890625
54.1260871887207
52.94107437133789
48.341094970703125
51.041465759277344
53.86861038208008
59.37764358520508
56.157527923583984
53.57169723510742
59.59385681152344
51.13056945800781
52.82441329956055
58.079010009765625
53.84137725830078
51.05710220336914
64.08779907226562
49.05548095703125
54.65324783325195
56.29782485961914
56.31550598144531
59.235328674316406
51.439697265625
47.882232666015625
45.20319366455078
65.3187255859375
52.13711166381836
51.1319580078125
54.53989791870117
54.6472282409668
52.4713249206543
61.122459411621094
54.158363342285156
54.6650276184082
53.79573059082031
48.472503662109375
54.52201461791992
50.72538375854492
49.87729263305664
55.4076042175293
49.34507369995117
55.922996520996094
45.312950134277344
54.032840728759766
61.49659729003906
51.061729431152344
55.22514343261719
47.319175720214844
48.091983795166016
51.47319412231445
45.74662780761719
49.588314056396484
54.897247314453125
50.59428405761719
49.97533416748047
50.10902404785156
52.16140365600586
53.119598388671875
52.260902404785156
58.73518371582031
60.61610794067383
53.147682189941406
62.04924392700195
60.58985900878906
57.70517349243164
54.044307708740234
50.56311798095703
53.52735137939453
54.12159729003906
57.78355026245117
58.776912689208984
52.89242172241211
54.10551452636719
54.29169464111328
49.4997673034668
46.49260711669922
49.3469123840332
45.68487548828125
57.25440979003906
53.019927978515625
58.95808792114258
54.70991516113281
49.53082275390625
53.89509201049805
58.292362213134766
50.36602783203125
54.85065460205078
57.38624572753906
50.06365203857422
50.7158317565918
54.71919631958008
52.748504638671875
50.55413818359375
50.7307243347168
45.14788055419922
48.87932205200195
44.9250373840332
49.810333251953125
45.89495086669922
51.77336120605469
56.5632209777832
61.27845764160156
51.24279022216797
58.572349548339844
45.59484100341797
60.65443420410156
59.452030181884766
44.444637298583984
58.273380279541016
54.209625244140625
51.2298469543457
54.92871856689453
60.65815734863281
46.903221130371094
52.587249755859375
60.847679138183594
53.17388916015625
50.76455307006836
54.68497085571289
51.10081100463867
53.35005187988281
50.623207092285156
51.938026428222656
59.40045928955078
49.11994934082031
55.315589904785156
49.504146575927734
56.15231704711914
51.69792556762695
46.554569244384766
59.072853088378906
51.94580078125
57.0463981628418
60.867183685302734
53.23550796508789
58.6988639831543
55.71391677856445
52.02482986450195
53.528106689453125
57.84876251220703
49.785545349121094
52.96073532104492
60.49393081665039
53.98597717285156
49.853939056396484
60.92236328125
48.350799560546875
52.862060546875
52.15489196777344
50.81517028808594
55.49520492553711
54.24779510498047
56.647823333740234
54.33006286621094
52.209102630615234
58.52168655395508
52.7584114074707
51.60469055175781
56.94120407104492
59.33616256713867
56.11830139160156
55.30124282836914
59.150970458984375
54.895538330078125
58.68821334838867
54.27676773071289
55.47679138183594
53.36182403564453
45.37477493286133
63.54492950439453
50.6942253112793
53.40866470336914
53.417057037353516
54.79420852661133
49.424320220947266
51.75318145751953
56.730960845947266
56.70317077636719
57.62824249267578
51.879886627197266
51.9479866027832
62.86786651611328
52.3045539855957
47.64375305175781
56.568870544433594
53.10779571533203
50.071022033691406
56.57192611694336
55.73910903930664
53.1214714050293
56.01047897338867
58.95358657836914
51.00043869018555
54.36468505859375
54.18402862548828
47.95082473754883
49.65285110473633
49.168907165527344
45.14350128173828
62.48799133300781
51.08869934082031
52.337059020996094
47.89298629760742
54.17839431762695
51.26667022705078
56.37420654296875
59.27588653564453
46.360836029052734
52.724403381347656
46.855411529541016
51.43642044067383
53.22727584838867
41.586055755615234
58.15987014770508
56.84938430786133
57.91998291015625
58.556243896484375
56.23103713989258
45.2705078125
59.92384338378906
56.36042404174805
52.41610336303711
49.753265380859375
59.83423614501953
52.68173599243164
56.54688262939453
55.68049621582031
56.0889778137207
56.970924377441406
41.31367874145508
50.68901443481445
52.81024932861328
48.64995193481445
55.184715270996094
55.55291748046875
46.468284606933594
52.9002685546875
56.466121673583984
55.02228546142578
53.949745178222656
48.939918518066406
50.237022399902344
55.24741744995117
49.97755432128906
54.614131927490234
50.04508590698242
57.741817474365234
47.19615936279297
58.20083999633789
51.97024917602539
57.53748321533203
56.9843864440918
47.39360809326172
60.13977813720703
57.515445709228516
51.351627349853516
62.856590270996094
49.41939926147461
47.89020919799805
51.62926483154297
45.64988708496094
54.82112503051758
50.27626419067383
49.64952850341797
48.03555679321289
54.47007751464844
50.57443618774414
53.27013397216797
52.003292083740234
52.3193244934082
54.7196159362793
53.303955078125
59.13157272338867
52.87596130371094
55.235591888427734
48.647789001464844
56.6165657043457
56.26764678955078
57.43789291381836
51.607383728027344
43.04185485839844
61.67539596557617
61.640586853027344
50.70075988769531
51.5960807800293
49.42058563232422
52.458335876464844
56.749759674072266
58.440948486328125
54.8414421081543
58.25386428833008
51.62752914428711
63.00540542602539
57.96441650390625
52.2212028503418
53.40846252441406
50.6816520690918
53.08870315551758
51.69481658935547
56.634029388427734
52.385520935058594
48.69635772705078
52.84852981567383
59.06175994873047
46.275089263916016
56.88943862915039
54.35067367553711
50.337196350097656
52.27145004272461
56.07925796508789
52.6174430847168
48.07819366455078
50.056861877441406
54.02267837524414
54.2416877746582
49.58820724487305
55.76771545410156
52.43119812011719
49.83434295654297
49.54670715332031
48.95039749145508
51.44207000732422
60.25759506225586
50.31997299194336
50.072998046875
53.63165283203125
43.07738494873047
51.11558532714844
51.106998443603516
50.044368743896484
46.96717834472656
55.29877471923828
48.197235107421875
44.023929595947266
51.57648468017578
51.656402587890625
57.17348098754883
51.29218673706055
52.87561798095703
48.59897232055664
48.483848571777344
50.30086135864258
49.35445785522461
49.17961502075195
53.1713981628418
53.010257720947266
53.445343017578125
51.898040771484375
50.406761169433594
54.62353515625
49.83064270019531
56.224796295166016
55.86127853393555
57.212013244628906
57.20692443847656
53.801116943359375
52.90662384033203
51.420867919921875
54.49424743652344
55.3692626953125
59.14708709716797
57.95284652709961
56.3522834777832
46.59367370605469
50.6788444519043
52.38614273071289
48.69172668457031
48.076351165771484
49.13002395629883
52.366973876953125
55.217079162597656
46.819671630859375
52.48069381713867
49.19871520996094
57.27434158325195
47.56684875488281
48.723514556884766
54.42061996459961
53.38330841064453
53.34159851074219
50.7688102722168
51.53278350830078
50.280067443847656
50.355587005615234
51.36130905151367
52.72474670410156
53.50948715209961
52.54541778564453
52.63658142089844
52.05584716796875
52.72286605834961
51.94010925292969
63.22735595703125
42.776092529296875
53.80015182495117
57.691768646240234
52.33904266357422
52.829490661621094
48.566856384277344
55.153663635253906
52.018550872802734
54.23524475097656
54.678619384765625
58.20539855957031
47.80026626586914
54.42062759399414
51.169654846191406
52.777889251708984
52.525482177734375
53.46525955200195
48.706565856933594
43.688167572021484
49.40638732910156
52.51642608642578
54.628292083740234
58.30564880371094
45.09989547729492
50.86883544921875
58.09552001953125
50.29446029663086
55.786293029785156
54.31943130493164
50.86471939086914
49.74301528930664
57.960914611816406
54.45545959472656
51.866455078125
51.78110122680664
51.50300979614258
46.23012924194336
53.84144973754883
53.69967269897461
43.564517974853516
52.1777229309082
54.17963409423828
47.64078903198242
51.716087341308594
56.30759811401367
59.052459716796875
50.73036193847656
54.99642562866211
49.86967086791992
51.32392501831055
54.15281677246094
56.92831039428711
55.22922897338867
47.339996337890625
54.38456726074219
51.824886322021484
56.24596405029297
51.18696212768555
64.84219360351562
43.25352096557617
59.12203598022461
52.54595184326172
52.1929817199707
47.10118103027344
46.38522720336914
48.26362991333008
58.414669036865234
51.079769134521484
53.38631820678711
50.605857849121094
53.841407775878906
54.96358871459961
48.07957458496094
53.71084976196289
53.33906173706055
53.13559341430664
53.760650634765625
53.385616302490234
49.139427185058594
58.36527633666992
51.226036071777344
47.29750061035156
53.399112701416016
57.828369140625
55.221214294433594
59.10382080078125
56.76572036743164
49.17591094970703
52.748470306396484
45.42551803588867
56.2001953125
59.549930572509766
49.10755157470703
51.154258728027344
50.837406158447266
50.02882385253906
45.58012771606445
50.170658111572266
45.598533630371094
58.27957534790039
47.87795639038086
47.42304229736328
52.214576721191406
53.03157043457031
50.61307144165039
51.968223571777344
50.797786712646484
45.33001708984375
42.758792877197266
57.33311080932617
41.37287139892578
52.43521499633789
39.06047439575195
62.82991027832031
49.612648010253906
54.43648910522461
54.87586212158203
51.9343147277832
51.44612503051758
45.97666931152344
61.340152740478516
44.712005615234375
48.87394332885742
52.279876708984375
48.97078323364258
53.945045471191406
41.844425201416016
51.65944290161133
53.368160247802734
52.6921272277832
56.3227653503418
58.46230697631836
52.0020637512207
55.699981689453125
61.11943435668945
48.83210372924805
52.25803756713867
55.453346252441406
56.08047866821289
52.228912353515625
57.957271575927734
56.810821533203125
52.815181732177734
55.888973236083984
49.563472747802734
51.350528717041016
51.12123107910156
45.91606903076172
48.40311813354492
48.77381134033203
53.52696990966797
55.4324951171875
47.069244384765625
55.797080993652344
53.29920959472656
52.3078727722168
57.83818054199219
52.834957122802734
52.46414566040039
53.16516876220703
53.553062438964844
56.52811050415039
51.390960693359375
45.0723876953125
58.713565826416016
49.05574035644531
51.815711975097656
55.531673431396484
53.69044494628906
49.32394790649414
54.580753326416016
55.769630432128906
53.06119918823242
50.71450424194336
53.108272552490234
45.925777435302734
52.021976470947266
55.16936111450195
51.853271484375
50.83993911743164
47.951961517333984
54.58833312988281
51.76923751831055
48.42641067504883
53.037574768066406
46.81422805786133
50.08803176879883
56.30511474609375
55.21489334106445
52.62150955200195
54.21350860595703
57.772579193115234
47.945518493652344
50.56222915649414
43.75301742553711
45.49876022338867
53.57639694213867
49.0299072265625
47.12720489501953
54.9146614074707
50.412315368652344
50.478755950927734
50.03260040283203
56.11989212036133
50.92633056640625
40.68444061279297
60.91380310058594
38.20600128173828
54.185768127441406
50.407501220703125
54.248416900634766
52.49394607543945
55.43436050415039
52.813236236572266
46.9287223815918
52.84749984741211
48.437950134277344
57.29090881347656
51.751251220703125
44.06805419921875
47.965702056884766
46.0927734375
51.668785095214844
45.82802200317383
56.35780334472656
49.70494079589844
58.824623107910156
51.258384704589844
55.76508712768555
57.0898551940918
52.620628356933594
55.671112060546875
48.909847259521484
55.711700439453125
52.78945541381836
51.58294677734375
54.24467086791992
52.51093292236328
48.03944778442383
48.58808135986328
57.53533935546875
49.15211486816406
53.49302291870117
49.849388122558594
44.966732025146484
44.23531723022461
43.397098541259766
57.65497589111328
56.63904571533203
53.992733001708984
45.15214920043945
50.92182922363281
53.454864501953125
53.149757385253906
55.32132339477539
52.801551818847656
51.08816146850586
51.696632385253906
56.41640853881836
45.097679138183594
47.84771728515625
51.547203063964844
49.11579513549805
51.16790771484375
48.474449157714844
50.57673645019531
52.86567306518555
57.03669738769531
48.67363357543945
54.30289840698242
55.8066291809082
51.52062225341797
51.26126480102539
57.803829193115234
51.87883758544922
52.00151824951172
49.240848541259766
48.587398529052734
52.24933624267578
52.34565353393555
59.182167053222656
54.03913497924805
45.99846649169922
56.98598098754883
45.92911911010742
49.784820556640625
48.201778411865234
54.65559768676758
44.80548858642578
51.1649055480957
51.273399353027344
48.94060134887695
47.141178131103516
49.9663200378418
51.48029708862305
47.834686279296875
52.93247604370117
42.43815231323242
50.85383605957031
53.97903823852539
54.23551559448242
49.17655563354492
50.71384048461914
55.002769470214844
52.7381477355957
51.584354400634766
53.827362060546875
46.93313217163086
52.49742126464844
55.50814437866211
56.61689758300781
53.289886474609375
52.40085220336914
53.92257308959961
47.17026901245117
51.459712982177734
47.21887969970703
59.10943603515625
48.668922424316406
52.10619354248047
54.47101593017578
50.4700813293457
43.64787292480469
54.95960998535156
56.29642868041992
44.963741302490234
49.47254180908203
52.857032775878906
52.52510452270508
48.798973083496094
50.3012809753418
53.84751892089844
51.54608154296875
47.59602737426758
45.033870697021484
40.2896728515625
50.99628829956055
50.615570068359375
45.726993560791016
51.959346771240234
50.586402893066406
55.66070556640625
55.5562744140625
53.44351577758789
52.37230682373047
49.70144271850586
41.29761505126953
59.226356506347656
53.00297546386719
50.78434371948242
50.84938430786133
62.14908981323242
52.86680221557617
46.25191879272461
50.981910705566406
42.70471954345703
52.2388916015625
45.79264450073242
46.12306594848633
53.18876647949219
51.273311614990234
43.60227966308594
46.985313415527344
49.136680603027344
40.34844207763672
47.62961196899414
51.643310546875
46.56795883178711
51.07357406616211
57.389278411865234
52.4541130065918
48.88383102416992
49.84272003173828
50.894195556640625
48.85661315917969
51.749427795410156
48.88510513305664
51.51017379760742
54.1953125
47.647708892822266
51.18844985961914
54.206993103027344
53.87492752075195
47.575355529785156
57.54269027709961
51.739601135253906
51.962799072265625
54.65645980834961
56.67609405517578
53.10847473144531
57.54513931274414
53.17542266845703
50.23184585571289
55.14030838012695
54.02223205566406
54.3557243347168
54.691932678222656
53.90064239501953
51.027976989746094
56.68096923828125
46.68262481689453
45.061309814453125
48.8535041809082
49.20039367675781
53.06480026245117
53.76490020751953
56.08388900756836
56.567222595214844
56.93794250488281
57.81951904296875
50.66080856323242
53.70663833618164
46.08601760864258
53.56473922729492
48.52806854248047
50.78659439086914
53.22451400756836
45.87194061279297
47.96762466430664
54.46473693847656
47.359989166259766
48.26799011230469
55.179683685302734
49.34367370605469
53.12641906738281
52.11991500854492
48.060665130615234
59.351558685302734
57.09632110595703
40.21400833129883
47.635318756103516
47.457542419433594
50.31640625
44.11317825317383
54.919456481933594
49.02726745605469
47.846099853515625
49.4909553527832
51.54761505126953
45.88508224487305
51.113895416259766
54.721317291259766
56.117671966552734
57.10627746582031
53.5694694519043
54.82600402832031
57.53455352783203
50.12018966674805
53.14598083496094
49.54401397705078
51.30036544799805
50.50951385498047
47.71685028076172
51.04830551147461
50.37236404418945
50.710357666015625
49.28629684448242
50.32184982299805
49.3162727355957
44.560298919677734
50.52812576293945
48.063236236572266
50.364410400390625
52.21061706542969
43.371028900146484
50.65436553955078
48.036705017089844
47.543941497802734
56.52485275268555
47.076622009277344
46.73109817504883
51.69668960571289
51.423248291015625
53.913047790527344
48.36810302734375
48.09798812866211
47.68416213989258
45.69082260131836
55.34327697753906
50.33442306518555
46.28853225708008
54.697723388671875
44.44952392578125
45.60886001586914
43.58513641357422
46.3209342956543
52.529571533203125
46.83425521850586
55.23511505126953
46.11494445800781
46.9307861328125
46.594146728515625
53.117652893066406
48.35345458984375
48.555606842041016
45.61589813232422
47.0346794128418
43.00988006591797
47.62109375
43.43006896972656
48.86833190917969
50.77967834472656
53.872032165527344
53.82704162597656
46.90121841430664
49.262977600097656
47.31625747680664
43.812400817871094
52.26946258544922
42.618385314941406
42.307708740234375
51.17256546020508
47.781005859375
54.050575256347656
47.177223205566406
56.345401763916016
41.92525863647461
45.27335739135742
46.4004020690918
45.84125518798828
48.0771598815918
52.3758544921875
50.5050048828125
55.190364837646484
43.45979690551758
47.86989212036133
48.00884246826172
47.82131576538086
46.059486389160156
54.78265380859375
43.50590896606445
51.33759307861328
52.08734893798828
47.64990234375
46.7298698425293
44.982208251953125
52.26131820678711
55.657005310058594
58.31743240356445
56.81791305541992
45.129215240478516
52.704837799072266
49.61377716064453
55.93022918701172
46.639408111572266
37.96982955932617
50.751895904541016
59.56771469116211
48.68889617919922
57.41811752319336
50.89876937866211
47.227577209472656
46.33027267456055
47.25930404663086
53.33586502075195
44.04744338989258
55.69538497924805
38.80815124511719
54.76658248901367
45.35271453857422
50.676536560058594
43.543846130371094
48.29375076293945
48.78076171875
53.05776596069336
48.943790435791016
43.184104919433594
50.459693908691406
50.92113494873047
49.77018356323242
50.79927062988281
50.35891342163086
51.02500534057617
41.74150085449219
54.1834831237793
47.80933380126953
49.67825698852539
46.71243667602539
47.960716247558594
53.073631286621094
50.170040130615234
41.1923942565918
47.53564453125
48.606422424316406
41.824005126953125
48.08852767944336
52.9034538269043
48.24102020263672
56.7011604309082
48.392574310302734
55.15240478515625
48.73774337768555
49.654502868652344
47.083396911621094
46.85336685180664
45.75516891479492
50.41339111328125
50.29821014404297
53.39006805419922
54.104488372802734
46.17325973510742
42.245906829833984
48.133155822753906
50.450286865234375
40.769813537597656
49.09349822998047
57.437076568603516
47.927947998046875
49.43269348144531
45.87800979614258
47.776371002197266
55.79578399658203
52.874847412109375
42.289306640625
44.859405517578125
48.209835052490234
49.094032287597656
54.78789138793945
42.91682052612305
52.65363311767578
53.4808464050293
47.34636306762695
52.31373596191406
50.63697814941406
51.6636962890625
44.904090881347656
50.20343017578125
51.5287971496582
54.06154251098633
53.54915237426758
45.06925964355469
49.40440368652344
47.606380462646484
49.46685791015625
51.83977508544922
50.154842376708984
47.046810150146484
49.471195220947266
48.31349563598633
41.100563049316406
54.03824996948242
52.3145866394043
50.70980453491211
46.46254348754883
44.45328140258789
47.62661361694336
52.26844787597656
50.893150329589844
49.80176544189453
57.93767166137695
53.21116638183594
38.00645065307617
49.602657318115234
50.859405517578125
50.364803314208984
42.627567291259766
53.0633430480957
49.2605094909668
48.96575164794922
54.30326461791992
51.43977737426758
52.416038513183594
55.098838806152344
44.96832275390625
45.9580192565918
44.07486343383789
51.927574157714844
46.68358612060547
52.70785140991211
43.90489959716797
40.91514205932617
52.12562942504883
49.53763198852539
48.557701110839844
56.14574432373047
50.33470153808594
51.77420425415039
50.66046905517578
45.252254486083984
51.12360382080078
52.45791244506836
53.569984436035156
46.110870361328125
54.65996551513672
47.43758773803711
43.99483871459961
50.255550384521484
47.68748474121094
52.045204162597656
49.97039794921875
43.865509033203125
51.36760711669922
44.26679992675781
51.162296295166016
52.23863983154297
49.902828216552734
55.16310501098633
55.724517822265625
40.77589797973633
45.32041549682617
51.305809020996094
45.25602722167969
44.30874252319336
45.2717399597168
47.9256477355957
52.53135681152344
54.465728759765625
45.68655014038086
40.128849029541016
53.029747009277344
50.679176330566406
44.91868209838867
53.80046844482422
55.60148239135742
39.65883255004883
48.72017288208008
50.519920349121094
45.03921890258789
46.18061065673828
53.48398971557617
39.05684280395508
49.605342864990234
39.55147171020508
44.562522888183594
57.74821853637695
48.50835037231445
50.172428131103516
48.627201080322266
50.532352447509766
49.15685272216797
51.73965835571289
43.44810104370117
50.00432586669922
52.083065032958984
49.84213638305664
46.104957580566406
57.03632354736328
46.47986602783203
49.340049743652344
45.14415740966797
41.49460983276367
43.582679748535156
46.32294464111328
49.789485931396484
48.482391357421875
44.3328971862793
48.822967529296875
48.761478424072266
46.487300872802734
53.75306701660156
53.78618621826172
52.838504791259766
50.31435012817383
45.51285171508789
48.474884033203125
47.26566696166992
49.01497268676758
52.0985221862793
44.385684967041016
51.59616470336914
48.93962860107422
50.96623229980469
49.8491096496582
49.66801452636719
42.75403594970703
44.51445007324219
51.9579963684082
53.50178527832031
45.29285430908203
50.08893966674805
50.9344596862793
45.32899475097656
56.36774826049805
51.80189895629883
40.847015380859375
47.081878662109375
49.349876403808594
46.311729431152344
48.227081298828125
46.0445671081543
50.92290115356445
39.3536376953125
49.71721649169922
49.44563293457031
45.71017074584961
55.53591537475586
51.59042739868164
48.75767517089844
42.33090591430664
47.215084075927734
46.31196212768555
44.052330017089844
48.87055587768555
49.98101806640625
50.83074188232422
47.38723373413086
49.01129913330078
47.50526809692383
50.29180908203125
46.948944091796875
47.88576889038086
45.7464485168457
42.71348571777344
44.24673843383789
48.842185974121094
43.62168502807617
44.6108283996582
44.66090774536133
51.634788513183594
49.32924270629883
50.9566650390625
54.274105072021484
46.83919906616211
52.39448547363281
50.17727279663086
52.54191970825195
56.25190734863281
53.21419143676758
55.751991271972656
50.822105407714844
46.01547622680664
47.61686706542969
48.05350875854492
49.272945404052734
48.06999588012695
45.239681243896484
45.70002365112305
52.86332702636719
41.03456115722656
48.97465133666992
47.70291519165039
49.1439094543457
51.28646469116211
55.08683776855469
46.68305587768555
47.490966796875
44.46406936645508
47.259300231933594
45.9826774597168
44.76698684692383
46.6762809753418
55.396907806396484
43.5523567199707
48.558345794677734
51.611602783203125
50.043907165527344
53.448387145996094
53.04585647583008
40.550472259521484
54.45151901245117
50.48838806152344
45.206363677978516
43.956546783447266
47.50838851928711
50.358734130859375
49.80409622192383
42.1319694519043
51.63394546508789
49.30400085449219
53.07421112060547
54.312347412109375
53.029296875
46.80071258544922
52.990535736083984
47.874290466308594
42.168067932128906
50.662330627441406
48.52476501464844
50.85276794433594
50.348731994628906
46.15882873535156
50.82796859741211
52.39556884765625
46.599552154541016
48.37687301635742
48.416107177734375
47.460670471191406
51.534278869628906
48.7806282043457
54.21699142456055
45.21476364135742
46.06542205810547
46.72263717651367
47.320098876953125
52.444236755371094
43.27692413330078
52.73748016357422
41.48468017578125
50.437721252441406
45.05410385131836
51.801231384277344
47.71141052246094
51.95652770996094
49.50713348388672
51.71622085571289
45.33632278442383
50.840545654296875
51.01079177856445
47.664310455322266
52.059349060058594
44.40017318725586
39.00386047363281
49.95002365112305
51.598731994628906
51.62969207763672
45.02295684814453
48.20711898803711
47.185935974121094
46.50374221801758
49.79474639892578
41.228668212890625
39.68449020385742
49.30609893798828
44.12371826171875
48.31199264526367
43.57197952270508
51.93400573730469
49.14200210571289
46.96253204345703
53.1187629699707
44.11675262451172
55.567298889160156
51.685752868652344
45.19829177856445
49.45781326293945
51.12245559692383
45.97444534301758
53.349281311035156
50.49795150756836
51.25664520263672
51.08088302612305
48.74152755737305
45.61552429199219
49.59828186035156
49.46855545043945
48.36804962158203
50.1677131652832
54.10078430175781
47.01677322387695
44.62163543701172
48.21773910522461
50.515499114990234
50.45764923095703
44.843692779541016
52.60822296142578
50.0510368347168
52.970176696777344
53.23772430419922
51.95205307006836
50.51917266845703
47.669281005859375
48.00896072387695
50.20642852783203
46.54827880859375
45.74637985229492
46.670623779296875
50.44923782348633
45.18625259399414
50.02074432373047
44.59934997558594
47.71680450439453
49.075416564941406
49.34649658203125
46.86114501953125
52.526947021484375
48.7331657409668
50.21650695800781
38.44186782836914
47.090850830078125
46.96123123168945
45.82881164550781
46.863162994384766
52.647525787353516
49.359092712402344
46.101890563964844
56.7314453125
45.87083053588867
45.35475158691406
52.067569732666016
48.220767974853516
50.67155075073242
49.62718963623047
51.073726654052734
43.84573745727539
49.51720428466797
51.36389923095703
41.6956787109375
43.4990234375
50.78891372680664
46.01346206665039
50.10931396484375
43.462928771972656
47.26002883911133
51.504451751708984
52.055538177490234
47.69888687133789
51.34550857543945
42.204124450683594
45.10283279418945
49.05069351196289
42.52850341796875
52.92593765258789
45.99764633178711
54.979148864746094
46.2566032409668
46.522911071777344
41.54131317138672
44.64194107055664
50.05510711669922
48.59138870239258
48.960479736328125
42.07844543457031
47.90752029418945
51.923702239990234
46.97287368774414
51.8359489440918
51.73579788208008
51.42091751098633
47.904788970947266
44.08674240112305
44.66886520385742
45.78691101074219
41.89690399169922
46.92923355102539
45.41457748413086
48.81781005859375
43.36537551879883
43.03569793701172
49.55751419067383
42.802371978759766
48.97016525268555
48.59541702270508
42.08412551879883
44.3857421875
43.160831451416016
52.1890983581543
47.49274444580078
52.19999313354492
52.57521057128906
50.44633865356445
49.26368713378906
50.779685974121094
52.53219985961914
49.61320495605469
52.0450325012207
44.5980339050293
46.3162956237793
45.57754898071289
45.37379455566406
47.04213333129883
51.93226623535156
47.5836181640625
43.306114196777344
49.7768440246582
49.65577697753906
43.765132904052734
54.39276885986328
43.523799896240234
55.52600860595703
46.278053283691406
43.74204635620117
49.49917984008789
48.92808151245117
46.891536712646484
48.381561279296875
48.06851577758789
39.70870590209961
42.82675552368164
52.31939697265625
52.29756164550781
46.08283615112305
55.57320785522461
45.936988830566406
51.87807083129883
51.20515060424805
41.59275436401367
41.29334259033203
53.08473205566406
50.95195007324219
50.25347900390625
43.82307434082031
48.808677673339844
41.08432388305664
47.80208206176758
50.161075592041016
45.97624969482422
51.101776123046875
47.70317840576172
43.84550094604492
45.1492805480957
48.188804626464844
43.81800079345703
49.7487678527832
48.961692810058594
49.4791145324707
47.425132751464844
48.98015594482422
51.25053787231445
47.84224319458008
46.35647201538086
49.61090087890625
43.92020034790039
52.05339813232422
46.01707458496094
50.54404067993164
49.471065521240234
48.857635498046875
44.3467903137207
47.572166442871094
49.44868087768555
45.73126983642578
43.26778030395508
46.90629196166992
57.07353210449219
49.121124267578125
49.59162902832031
44.80042266845703
51.36507034301758
44.65499496459961
50.3841438293457
48.3459358215332
45.83982467651367
43.070247650146484
50.40264129638672
50.1708984375
45.12605285644531
49.214569091796875
52.750240325927734
38.77638626098633
53.10186767578125
50.59254837036133
46.18952941894531
55.58877944946289
46.1204948425293
40.51409149169922
50.29420852661133
46.38585662841797
48.31145095825195
49.148468017578125
48.33735275268555
46.33214569091797
44.59727478027344
49.98024368286133
49.87809371948242
48.75385665893555
47.4898681640625
52.0443000793457
49.506507873535156
45.46844482421875
48.37915802001953
46.34282684326172
50.880897521972656
45.62183380126953
52.03774642944336
49.71517562866211
48.06996536254883
52.36771011352539
43.99518966674805
44.23506546020508
50.109092712402344
45.198909759521484
49.32258605957031
53.12772750854492
38.80470657348633
45.39313888549805
49.521156311035156
48.64455032348633
46.32993698120117
52.08176803588867
41.52253341674805
47.87147903442383
42.76926040649414
45.10938262939453
46.1473274230957
50.9726448059082
45.974647521972656
51.25048828125
49.20708084106445
44.62215805053711
44.078067779541016
49.80915069580078
41.596134185791016
45.07745361328125
47.77301788330078
43.33559799194336
46.67524337768555
43.77750015258789
43.74151611328125
45.09440994262695
46.14888000488281
46.41554260253906
48.68837356567383
44.26164627075195
53.435272216796875
49.89291000366211
43.1989860534668
43.5536003112793
51.93914794921875
54.357913970947266
51.37741470336914
46.579654693603516
45.06162643432617
44.06745147705078
45.99688720703125
46.97148513793945
46.502681732177734
47.94847869873047
46.87281036376953
43.96189498901367
45.85853958129883
50.62582015991211
46.012516021728516
42.446258544921875
48.14519119262695
47.14700698852539
43.55696105957031
43.79145431518555
45.463722229003906
38.8030891418457
52.95824432373047
50.54847717285156
41.37461853027344
45.925376892089844
49.933223724365234
52.89934539794922
48.844966888427734
46.52438735961914
48.52687072753906
42.777915954589844
46.988136291503906
48.77074432373047
50.63420104980469
43.880531311035156
50.284732818603516
51.110496520996094
47.379356384277344
44.33024597167969
48.24435806274414
49.62104034423828
43.11870193481445
48.169654846191406
45.743934631347656
45.9736213684082
47.23847579956055
42.83748245239258
45.342655181884766
48.22175979614258
49.02978515625
45.87275695800781
46.59973907470703
49.035804748535156
50.00707244873047
43.92814636230469
42.52113723754883
48.985164642333984
47.53523254394531
50.851707458496094
47.221534729003906
46.61969757080078
52.47150421142578
50.418304443359375
48.156490325927734
41.784278869628906
42.53731918334961
43.63445281982422
49.8440055847168
48.6925163269043
46.313331604003906
44.3607063293457
45.273345947265625
47.78502655029297
41.9401969909668
44.70145797729492
49.337074279785156
48.82596206665039
51.32558822631836
52.672428131103516
44.66409683227539
46.31696319580078
49.733238220214844
49.35552978515625
46.70504379272461
44.314842224121094
44.5792236328125
43.3408317565918
44.80591583251953
42.54783630371094
43.86181640625
39.84514617919922
48.2703857421875
49.20931625366211
44.77390670776367
44.05708694458008
40.69329071044922
46.16196060180664
47.73078536987305
48.676631927490234
47.413692474365234
46.45972442626953
46.027183532714844
46.91731262207031
48.04959487915039
48.959686279296875
41.34440994262695
48.32461166381836
46.251304626464844
40.532989501953125
42.84564971923828
48.45790481567383
54.20161819458008
49.71650695800781
45.98030471801758
44.99490737915039
50.89207077026367
46.42147445678711
48.8181266784668
45.234901428222656
54.9576301574707
49.44553756713867
43.366111755371094
40.00352096557617
50.35865020751953
35.93059158325195
48.021514892578125
36.60882568359375
49.51805877685547
45.770381927490234
45.64988708496094
45.27860641479492
42.90594482421875
45.088890075683594
40.53158187866211
46.07722473144531
46.992706298828125
48.88481140136719
46.597267150878906
42.1143684387207
42.59780502319336
45.728057861328125
44.16383743286133
43.67082977294922
43.95943832397461
43.895442962646484
42.50155258178711
50.34455871582031
45.22639846801758
43.89609146118164
44.041194915771484
49.048587799072266
47.49987030029297
46.91322326660156
49.436737060546875
41.2028923034668
42.83228302001953
46.97151184082031
42.37750244140625
42.75080871582031
49.79840850830078
45.3488655090332
46.703269958496094
43.32999801635742
48.65074157714844
41.736507415771484
46.43412780761719
46.550506591796875
41.7229118347168
44.09001541137695
44.424983978271484
48.21527862548828
51.58688735961914
48.54411697387695
44.02394104003906
43.68049240112305
44.987796783447266
40.385406494140625
37.359004974365234
43.73452377319336
43.58167266845703
46.0048713684082
46.52389144897461
53.58945846557617
38.7733268737793
46.820899963378906
46.355323791503906
45.379058837890625
47.219200134277344
41.46428298950195
37.540714263916016
47.23604202270508
50.24665069580078
44.75572204589844
48.99760437011719
48.83345031738281
41.3797492980957
42.301734924316406
42.47367477416992
38.954288482666016
44.517173767089844
44.16927719116211
42.892826080322266
48.350013732910156
43.93532180786133
41.49089813232422
43.22562026977539
44.19565963745117
49.25699234008789
41.17286682128906
44.82596206665039
47.59953689575195
43.84061813354492
44.73782730102539
48.23302459716797
36.90094757080078
49.35304260253906
47.63542175292969
46.18917465209961
49.57182312011719
45.83310317993164
41.88782501220703
49.00065612792969
42.921539306640625
47.933780670166016
48.26711654663086
51.34439468383789
42.94062805175781
43.639129638671875
44.213539123535156
44.048648834228516
41.887290954589844
39.4809684753418
48.06416320800781
50.682437896728516
46.542640686035156
46.25464630126953
46.12199401855469
49.05376052856445
44.70962142944336
48.384483337402344
43.82999038696289
47.92626190185547
44.54058837890625
44.19334411621094
44.25800323486328
41.619693756103516
47.1245231628418
45.433719635009766
47.08332824707031
42.92409896850586
49.541812896728516
39.210044860839844
46.86875534057617
41.842918395996094
45.93370819091797
47.01338195800781
45.70262908935547
40.44172668457031
44.49422073364258
47.058528900146484
52.160831451416016
41.84558868408203
41.50155258178711
49.08867645263672
40.070594787597656
48.617557525634766
42.96318054199219
48.565467834472656
46.717979431152344
45.0224723815918
38.63534164428711
46.1602783203125
50.62696838378906
39.298316955566406
44.72195816040039
48.8936767578125
50.04805374145508
46.34625244140625
47.24420928955078
40.39139175415039
46.21464920043945
46.7989616394043
41.99116516113281
44.96633529663086
48.02949142456055
46.252418518066406
43.46080780029297
42.50951385498047
49.666664123535156
51.76476287841797
45.28245544433594
37.482540130615234
40.065223693847656
46.01239776611328
43.90898513793945
41.539730072021484
42.31517791748047
42.2733268737793
36.58635711669922
36.96830368041992
46.8260612487793
45.34811019897461
42.732666015625
48.96586990356445
48.9520263671875
40.37941360473633
48.59223937988281
41.55757141113281
41.10848617553711
44.0767822265625
43.38274383544922
46.103782653808594
43.496665954589844
47.241981506347656
51.30617904663086
46.184364318847656
47.46527099609375
48.131107330322266
44.129493713378906
42.79275131225586
46.71403503417969
52.27857971191406
42.7061767578125
45.2848014831543
50.11473846435547
42.47819519042969
45.633243560791016
41.84435272216797
49.56386947631836
49.022682189941406
42.36284255981445
34.216800689697266
48.404541015625
45.78459167480469
43.682952880859375
43.95044708251953
41.05478286743164
45.793800354003906
46.42581558227539
44.34530258178711
47.04733657836914
47.74537658691406
46.935916900634766
42.00933837890625
41.32854080200195
44.779029846191406
42.87654495239258
46.94655227661133
45.7650260925293
45.88523483276367
36.07650375366211
47.09513473510742
42.57024383544922
52.72154998779297
42.08653259277344
46.8426399230957
42.95341491699219
38.6855583190918
46.341800689697266
51.163291931152344
41.25495910644531
42.06163787841797
50.340694427490234
45.47185516357422
43.938323974609375
45.113433837890625
45.24298858642578
47.6145133972168
42.7257194519043
43.20780563354492
50.91617965698242
43.86918258666992
43.88273620605469
44.905181884765625
44.01118850708008
47.86453628540039
44.92407989501953
43.685935974121094
44.96688461303711
47.3006591796875
47.06803512573242
45.80908966064453
47.46607208251953
45.892601013183594
39.6590576171875
45.699134826660156
47.159420013427734
45.37636947631836
41.9714469909668
49.809593200683594
39.252174377441406
43.57526779174805
50.095523834228516
47.77577209472656
36.10826110839844
44.586204528808594
39.12159729003906
46.38617706298828
45.02921676635742
52.349552154541016
45.403446197509766
45.12218475341797
36.854923248291016
43.10622024536133
45.05318069458008
46.24224090576172
42.579002380371094
45.08614730834961
39.807594299316406
48.5834846496582
50.214561462402344
43.408912658691406
41.32236099243164
43.07763671875
41.82441711425781
43.45709228515625
51.2998161315918
45.31019592285156
41.95925521850586
44.95393371582031
41.843021392822266
43.40898513793945
37.67823791503906
41.4008903503418
46.208885192871094
37.65149688720703
45.661285400390625
45.77839660644531
45.07770538330078
50.38664627075195
44.121456146240234
48.36648178100586
47.16121292114258
46.71355056762695
47.00278854370117
46.08792495727539
43.37382888793945
41.85759353637695
49.529884338378906
42.53306198120117
40.84336853027344
45.32603454589844
44.93368911743164
47.370853424072266
50.43318176269531
44.01018142700195
45.40906524658203
45.33143615722656
46.339107513427734
43.025718688964844
46.30475616455078
44.12397766113281
46.68803024291992
45.79428482055664
51.95020294189453
46.82707977294922
47.86917495727539
45.63649368286133
49.481075286865234
45.17837142944336
42.38328552246094
44.986915588378906
45.3151741027832
36.83732986450195
42.68548583984375
46.47385787963867
43.14219284057617
41.42997741699219
44.56334686279297
48.43799591064453
44.44200897216797
47.41981887817383
47.00429916381836
53.02375411987305
44.01541519165039
42.82316589355469
47.10481643676758
42.41765594482422
46.967140197753906
41.71179962158203
48.331485748291016
49.38591003417969
47.864768981933594
49.05424118041992
42.134159088134766
41.28965759277344
42.097389221191406
45.50470733642578
43.9172477722168
46.573421478271484
47.35543441772461
45.20062255859375
38.59757614135742
45.71659851074219
40.71234130859375
43.280452728271484
43.973018646240234
45.29474639892578
39.462554931640625
43.038536071777344
42.19071578979492
54.06120681762695
45.91640853881836
47.94260787963867
40.23313903808594
46.24072265625
46.94247817993164
47.65447235107422
46.16936111450195
43.501773834228516
38.40986633300781
39.9781379699707
40.00828552246094
39.36524963378906
40.31407165527344
39.20382308959961
48.98064422607422
47.89419174194336
39.998050689697266
47.43037414550781
43.28590393066406
44.57793045043945
44.077110290527344
42.22203826904297
43.378150939941406
40.402008056640625
48.45917892456055
44.526268005371094
45.336002349853516
