97.0960922241211
105.3259506225586
121.37062072753906
109.99713897705078
93.80829620361328
104.80232238769531
86.12762451171875
80.5682373046875
78.7132339477539
65.7219467163086
81.68071746826172
101.04313659667969
66.31592559814453
53.68328094482422
47.340980529785156
92.1182632446289
69.18836212158203
107.5803451538086
114.14879608154297
74.70965576171875
88.17396545410156
78.85215759277344
87.90477752685547
79.5646743774414
59.461212158203125
66.33417510986328
76.14100646972656
64.86441040039062
100.30140686035156
87.33174133300781
59.37338638305664
131.75831604003906
67.79808807373047
76.82022094726562
82.10508728027344
112.83964538574219
107.00472259521484
109.39281463623047
71.53282928466797
81.75862884521484
83.79736328125
103.4217758178711
101.2780532836914
72.71621704101562
75.62590789794922
91.73721313476562
85.75702667236328
74.3221435546875
68.53549194335938
72.59490203857422
98.97427368164062
75.9154281616211
105.54786682128906
64.34646606445312
73.50559997558594
92.6096420288086
96.42943572998047
71.8814697265625
96.74075317382812
54.50330352783203
67.72477722167969
84.66340637207031
97.6871337890625
78.48423767089844
100.33784484863281
71.21887969970703
69.76608276367188
106.19376373291016
80.96781921386719
80.74189758300781
101.17648315429688
107.49636840820312
71.03388214111328
54.339805603027344
83.27313232421875
97.74363708496094
82.02503967285156
72.76783752441406
107.76817321777344
86.65132904052734
68.06238555908203
111.16838836669922
91.58421325683594
66.52981567382812
84.14634704589844
103.88256072998047
71.3860855102539
68.92841339111328
118.70653533935547
77.44754791259766
70.53402709960938
67.46857452392578
59.5079460144043
66.1456069946289
79.36082458496094
75.57837677001953
60.26820755004883
105.82456970214844
107.10816192626953
81.7674789428711
66.06636047363281
73.33786010742188
91.6816635131836
84.85098266601562
66.73188781738281
86.07471466064453
69.24834442138672
103.6541976928711
69.18975067138672
81.3976058959961
82.50101470947266
100.02655792236328
86.24700927734375
97.39772033691406
81.27088928222656
75.23563385009766
94.9316635131836
80.89923095703125
65.01579284667969
85.5079116821289
84.91890716552734
53.104637145996094
85.75658416748047
108.43527221679688
73.62908935546875
84.87504577636719
95.47994232177734
80.2088623046875
112.05795288085938
97.72099304199219
91.60529327392578
62.1629638671875
100.85249328613281
73.95319366455078
114.93160247802734
107.84764099121094
88.15070343017578
77.2003402709961
76.87394714355469
99.61083984375
81.81085205078125
95.27460479736328
72.77367401123047
80.21687316894531
57.99164962768555
76.64006042480469
79.36284637451172
125.16580963134766
69.63333129882812
80.35420227050781
112.79541015625
99.58555603027344
77.91160583496094
83.48849487304688
75.1002197265625
72.48963165283203
93.98552703857422
105.82868194580078
65.05481719970703
81.85105895996094
106.44261932373047
62.961177825927734
150.55728149414062
118.32819366455078
76.22136688232422
92.37095642089844
108.06060028076172
57.41575622558594
97.5802230834961
98.4908676147461
64.36302947998047
56.07712936401367
63.666587829589844
61.976783752441406
68.01831817626953
69.35916137695312
78.78611755371094
93.18592834472656
89.87394714355469
87.40316009521484
117.21105194091797
58.831214904785156
79.18240356445312
75.11880493164062
63.19478988647461
61.695465087890625
80.03116607666016
85.4109878540039
68.23350524902344
61.28293991088867
65.63257598876953
90.26834869384766
82.04107666015625
88.0923843383789
61.4804573059082
91.82733917236328
62.312965393066406
113.0667495727539
77.67973327636719
84.90602111816406
74.97590637207031
49.56358337402344
59.977699279785156
103.07245635986328
96.39944458007812
93.04121398925781
80.90035247802734
105.14701080322266
94.02249145507812
76.83113861083984
59.00283432006836
55.8833122253418
55.07012939453125
96.52262878417969
81.81108093261719
82.71760559082031
79.55366516113281
91.20207977294922
99.1532211303711
85.13507080078125
79.43382263183594
52.37205505371094
68.13665771484375
61.230838775634766
106.44698333740234
61.71095657348633
69.98028564453125
103.52192687988281
91.6397705078125
69.75761413574219
78.81526184082031
81.93814086914062
71.54447937011719
63.55364227294922
75.33146667480469
78.2662124633789
51.34463119506836
74.05548095703125
93.6416244506836
88.48925018310547
64.2939682006836
58.937591552734375
77.92945861816406
93.70894622802734
56.74496078491211
101.40003967285156
60.15430450439453
74.1757583618164
90.68790435791016
80.84292602539062
109.158935546875
99.23566436767578
85.45696258544922
87.42766571044922
94.12525939941406
75.1839599609375
71.38522338867188
88.2707748413086
98.68547058105469
70.11811065673828
117.86587524414062
61.86315155029297
88.37430572509766
114.78495788574219
86.86629486083984
66.81501007080078
94.96187591552734
59.84792709350586
82.31103515625
74.46989440917969
126.75157928466797
56.15497589111328
107.81843566894531
56.466552734375
85.0293197631836
82.03556060791016
104.2145004272461
71.36112213134766
62.67863845825195
58.04069137573242
64.93832397460938
59.0472526550293
78.19123077392578
81.80294036865234
65.15245819091797
67.43992614746094
68.9610824584961
122.22128295898438
58.891788482666016
82.2396240234375
118.75390625
90.19194030761719
77.03153228759766
100.62298583984375
62.33924102783203
71.31292724609375
110.3200912475586
82.89070129394531
85.29052734375
70.8173828125
66.45121765136719
72.92379760742188
83.35797882080078
78.97721862792969
76.24166870117188
73.76596069335938
71.340576171875
124.4591064453125
80.26097106933594
66.22098541259766
81.17733001708984
62.078277587890625
101.02734375
79.59142303466797
110.13863372802734
110.9771728515625
71.290771484375
86.44417572021484
70.89544677734375
87.55208587646484
83.58950805664062
91.9642333984375
61.345420837402344
62.62582015991211
100.56709289550781
68.81037902832031
76.85848999023438
85.3782730102539
102.92698669433594
87.53153228759766
88.04443359375
66.61061096191406
84.27377319335938
95.18363189697266
89.40420532226562
61.05770492553711
107.95439147949219
72.15412139892578
72.26245880126953
67.66030883789062
62.64139175415039
127.57141876220703
89.74073791503906
69.05303192138672
87.6592788696289
95.97372436523438
81.00254821777344
88.00376892089844
84.43846130371094
89.03939056396484
86.13512420654297
62.5078239440918
118.82833099365234
94.8138427734375
64.6518783569336
98.05094909667969
92.4521255493164
64.08790588378906
117.80965423583984
99.6231918334961
112.35037231445312
85.54560089111328
91.11366271972656
99.35945892333984
69.78642272949219
70.48448944091797
77.58049011230469
67.88313293457031
101.54393768310547
107.4481201171875
74.81462860107422
83.91211700439453
74.3717041015625
65.83519744873047
95.81301879882812
80.79546356201172
87.19851684570312
61.435516357421875
99.30030059814453
63.5540657043457
63.02992630004883
99.76383209228516
67.44496154785156
73.4373550415039
56.30924987792969
56.35332489013672
69.9813232421875
80.0660629272461
71.54008483886719
68.1356430053711
74.70783996582031
87.16658020019531
98.36705017089844
82.73748779296875
75.79827117919922
80.58113098144531
115.82504272460938
58.81025314331055
52.167964935302734
51.18473815917969
112.45726776123047
104.87532043457031
70.0713119506836
64.9726333618164
67.41896057128906
71.00215148925781
81.76603698730469
75.52561950683594
44.14375686645508
85.15666961669922
72.48047637939453
57.68724822998047
69.77486419677734
53.147979736328125
58.59963607788086
90.88648986816406
97.6172866821289
68.53751373291016
86.5361099243164
85.85475158691406
88.57136535644531
107.71685791015625
86.20834350585938
87.5706787109375
87.77349090576172
84.9296646118164
55.45613098144531
64.24079132080078
94.8965072631836
62.76040267944336
75.57919311523438
88.47853088378906
86.84809112548828
96.50196838378906
82.05378723144531
89.30514526367188
60.81972122192383
66.0233154296875
98.43685150146484
93.49280548095703
67.69807434082031
72.55152893066406
76.55463409423828
66.3265380859375
80.1671142578125
94.94739532470703
101.77616119384766
94.27619171142578
66.07862854003906
106.82050323486328
77.49673461914062
91.80101013183594
81.87028503417969
55.8060188293457
79.17390441894531
77.00276947021484
52.73602294921875
78.58382415771484
76.34603118896484
66.69134521484375
61.83049774169922
70.9982681274414
69.48944091796875
66.58126068115234
75.2830581665039
48.21202850341797
53.86374282836914
79.01921844482422
132.1046905517578
54.96183395385742
60.72857666015625
78.15258026123047
78.45732116699219
96.24935150146484
61.52817153930664
95.66011047363281
94.26043701171875
79.52468872070312
66.3840560913086
63.13214111328125
71.73955535888672
62.018402099609375
70.37791442871094
85.40151977539062
78.4098892211914
118.57046508789062
63.161983489990234
70.39891052246094
55.461212158203125
59.22829055786133
40.49921417236328
61.571807861328125
53.27537536621094
83.65080261230469
75.02923583984375
56.025856018066406
65.62584686279297
117.90682983398438
61.168846130371094
82.01102447509766
107.73634338378906
81.58557891845703
78.73963928222656
76.99165344238281
80.07196807861328
61.8658332824707
81.52397155761719
93.9779052734375
74.1848373413086
67.49830627441406
70.09809112548828
72.1916732788086
57.93134689331055
71.32988739013672
156.59783935546875
92.64373779296875
70.63394927978516
75.61277770996094
101.27957916259766
58.81709671020508
63.673194885253906
67.43063354492188
85.5219497680664
64.35810089111328
68.89478302001953
59.733699798583984
77.9205322265625
63.72526550292969
88.87362670898438
104.73429107666016
86.83915710449219
82.92941284179688
78.03581237792969
85.6282958984375
63.78092956542969
61.65587615966797
66.12548065185547
72.68054962158203
72.69239807128906
73.72409057617188
86.68612670898438
66.92453002929688
80.14410400390625
91.205078125
79.5942611694336
53.12937927246094
97.99925994873047
80.54393005371094
89.20124053955078
59.213436126708984
81.19966125488281
83.32117462158203
60.196502685546875
83.14923858642578
84.85917663574219
89.88278198242188
79.4019775390625
90.40929412841797
80.94878387451172
84.06128692626953
75.63079833984375
89.94461822509766
117.2510757446289
115.91670227050781
83.41780090332031
67.64363098144531
79.85771179199219
65.40234375
69.21881103515625
73.6449966430664
93.9638900756836
76.58988189697266
59.82715606689453
84.39199829101562
85.072265625
78.84458923339844
67.78842163085938
46.61795425415039
88.36393737792969
64.78639221191406
69.1197280883789
69.86043548583984
76.99007415771484
87.61112213134766
61.73455047607422
52.942405700683594
89.8673324584961
77.22598266601562
68.18364715576172
63.62685012817383
59.07709503173828
92.88932037353516
64.66130828857422
71.44149017333984
63.48435974121094
63.950927734375
45.1599006652832
111.14523315429688
118.84935760498047
74.68106842041016
115.30510711669922
56.9686279296875
64.26365661621094
68.20036315917969
96.14537811279297
53.34004211425781
103.36802673339844
132.40150451660156
69.45488739013672
60.498863220214844
58.33079147338867
66.35924530029297
85.33784484863281
78.21890258789062
71.02677154541016
72.04998016357422
71.97309875488281
43.82304382324219
94.23441314697266
102.13690948486328
72.95317077636719
86.85787963867188
88.46186828613281
123.3083724975586
65.36421203613281
75.97327423095703
73.45829010009766
66.1114501953125
109.06041717529297
62.2912483215332
90.92018127441406
62.60871124267578
65.2928695678711
90.7938003540039
98.8810043334961
107.9315414428711
99.21894073486328
72.67391204833984
104.9430923461914
70.10921478271484
67.12970733642578
99.41612243652344
62.2923698425293
106.64652252197266
85.41748809814453
64.1713638305664
71.11781311035156
75.38558197021484
84.70466613769531
107.44193267822266
76.83174896240234
69.89360046386719
81.15611267089844
75.43994903564453
68.54716491699219
61.743255615234375
68.4624252319336
50.81821823120117
71.65612030029297
64.47012329101562
81.21533203125
111.45637512207031
58.28804016113281
88.61414337158203
76.75547790527344
81.2379379272461
73.85255432128906
81.68565368652344
44.41868209838867
102.60108184814453
77.01434326171875
56.704132080078125
74.02018737792969
74.48716735839844
94.79039764404297
68.38365173339844
103.21155548095703
81.78091430664062
61.19264221191406
86.48995971679688
68.90194702148438
75.75639343261719
93.07671356201172
54.78529739379883
90.84619140625
55.35270690917969
63.56752395629883
101.92414093017578
61.47452926635742
90.65409088134766
73.60928344726562
74.44813537597656
55.438594818115234
107.98439025878906
41.90766525268555
66.7216796875
105.07965087890625
122.65247344970703
54.515953063964844
72.66055297851562
57.05309295654297
73.14303588867188
69.07807922363281
102.43592834472656
80.3604507446289
54.75957489013672
85.9738998413086
68.6335678100586
60.557098388671875
89.3951644897461
86.01107025146484
82.38997650146484
94.30785369873047
76.16954803466797
84.97357177734375
85.48973083496094
55.45339584350586
85.53265380859375
59.62419891357422
68.1294937133789
64.75821685791016
97.71251678466797
68.73655700683594
95.88082885742188
57.38013458251953
71.88216400146484
62.2484245300293
82.85404205322266
73.0942611694336
54.00869369506836
96.51702117919922
75.7357177734375
96.04769897460938
47.491607666015625
71.70673370361328
48.6989860534668
68.0777359008789
64.00078582763672
69.57463073730469
69.4791259765625
76.04210662841797
64.76618194580078
54.097225189208984
107.76961517333984
84.29307556152344
103.6694107055664
53.426727294921875
102.9547119140625
81.65818786621094
62.47311019897461
80.30256652832031
57.218807220458984
81.71368408203125
64.86597442626953
96.61399841308594
68.07487487792969
94.42115783691406
65.29158020019531
98.93360900878906
58.69029998779297
98.64514923095703
61.76887130737305
75.59921264648438
71.88804626464844
100.45912170410156
80.16785430908203
81.38506317138672
74.04893493652344
73.26342010498047
65.76204681396484
69.43684387207031
70.92771911621094
75.3445816040039
82.08419036865234
82.64448547363281
81.77242279052734
70.51097106933594
74.65538024902344
49.71226119995117
59.328365325927734
123.40564727783203
108.50616455078125
72.11702728271484
62.207523345947266
92.7844009399414
95.53132629394531
81.10726165771484
96.53787231445312
85.89664459228516
57.65659713745117
63.443111419677734
61.41208267211914
64.0427474975586
72.53990173339844
71.6845932006836
73.1902847290039
90.629638671875
76.04421997070312
67.15071105957031
69.5356674194336
105.53669738769531
87.13031005859375
74.46092224121094
80.33512115478516
57.35681915283203
60.530487060546875
87.4656982421875
75.36772918701172
70.90165710449219
79.5781478881836
94.72647094726562
63.94411087036133
51.99272155761719
78.3602523803711
69.97187042236328
75.40306854248047
79.17630004882812
55.713462829589844
98.67650604248047
60.87132263183594
73.03033447265625
81.46394348144531
79.21128845214844
73.65505981445312
89.8967514038086
96.33068084716797
64.80504608154297
110.33050537109375
78.68551635742188
82.21815490722656
73.14787292480469
68.2854232788086
59.138633728027344
63.70673751831055
90.07569885253906
82.09068298339844
75.22866821289062
96.91522216796875
70.5320816040039
46.76549530029297
89.57201385498047
58.49277877807617
53.00162887573242
113.64149475097656
81.49723815917969
74.04991912841797
77.23564147949219
81.58918762207031
77.77303314208984
53.02968978881836
59.79083251953125
76.9755859375
83.96708679199219
82.46490478515625
76.26415252685547
73.66194152832031
46.884639739990234
88.15316772460938
67.76923370361328
80.95267486572266
89.10125732421875
64.0853042602539
70.44136810302734
76.71453857421875
93.85181427001953
65.77975463867188
86.29278564453125
64.54261779785156
38.426456451416016
75.36475372314453
56.53966522216797
97.05657196044922
92.28133392333984
83.13581848144531
64.61335754394531
65.41907501220703
69.29078674316406
73.23872375488281
65.89369201660156
69.20272827148438
87.39273834228516
57.60831832885742
84.21688079833984
62.01314163208008
56.91865921020508
128.72621154785156
69.30387878417969
105.7930679321289
81.5733871459961
77.8139419555664
82.66944885253906
56.34015655517578
66.21854400634766
67.7331771850586
80.66556549072266
48.799556732177734
93.86463165283203
128.06419372558594
100.07743835449219
58.17423629760742
62.799861907958984
63.745521545410156
62.874549865722656
84.43990325927734
48.28505325317383
65.4981689453125
75.21125030517578
66.49723052978516
66.00196838378906
52.99095153808594
56.13818359375
63.95848083496094
92.4376449584961
39.39717102050781
72.58538818359375
103.10858917236328
86.26659393310547
69.88972473144531
72.8036880493164
77.1414794921875
81.90125274658203
52.7877082824707
109.51310729980469
67.62102508544922
71.94764709472656
102.79473876953125
72.2947998046875
94.04505920410156
96.29996490478516
71.97628021240234
80.49405670166016
62.83578872680664
91.24508666992188
66.45553588867188
76.88243865966797
78.18582153320312
66.22909545898438
49.97872543334961
78.94355773925781
68.25826263427734
85.40834045410156
60.93770980834961
90.2787857055664
57.99317169189453
65.67354583740234
76.37618255615234
63.47802734375
59.208396911621094
86.92047119140625
74.07384490966797
62.38561248779297
84.45030975341797
63.34958267211914
46.83186340332031
77.85371398925781
75.97948455810547
114.037841796875
110.78156280517578
98.1654052734375
66.42186737060547
72.70037078857422
102.90924835205078
99.97665405273438
75.8250961303711
92.22630310058594
51.22832489013672
62.472572326660156
69.15524291992188
74.41729736328125
88.9171142578125
62.82339096069336
93.03870391845703
71.76464080810547
72.77644348144531
81.5809555053711
70.59127044677734
81.61273193359375
68.82489013671875
118.46774291992188
53.243350982666016
82.03495788574219
77.29949188232422
75.60523223876953
71.85076141357422
45.8603630065918
78.76126098632812
88.44732666015625
71.80494689941406
65.69627380371094
70.24568939208984
60.028438568115234
71.09207153320312
59.8975830078125
62.261871337890625
107.35557556152344
76.03724670410156
81.69666290283203
58.50688171386719
76.7617416381836
86.84602355957031
83.34180450439453
61.1545524597168
67.28781127929688
66.65623474121094
112.13260650634766
83.63874053955078
70.4557876586914
93.76543426513672
63.981754302978516
63.52715301513672
86.10701751708984
94.1117172241211
72.10354614257812
108.85417175292969
70.19605255126953
66.84915161132812
81.3089599609375
71.6863021850586
52.30584716796875
80.19674682617188
89.74498748779297
62.8534049987793
61.10947799682617
71.6172103881836
59.9942741394043
84.14032745361328
74.03125
90.12745666503906
83.20449829101562
104.62783813476562
56.42045974731445
92.23888397216797
93.46636199951172
84.17987060546875
51.2034797668457
60.103477478027344
86.03826904296875
82.45516204833984
67.75545501708984
85.21588134765625
121.01248931884766
46.62411117553711
64.03312683105469
75.31100463867188
76.93775177001953
77.80567932128906
60.421268463134766
70.56266784667969
83.73040008544922
82.64218139648438
103.83895874023438
91.37732696533203
66.37649536132812
61.300437927246094
60.88526153564453
53.46388626098633
76.46965789794922
52.29271697998047
70.74178314208984
78.61036682128906
109.18080139160156
76.9087142944336
71.37322235107422
85.68063354492188
51.55057144165039
99.73696899414062
82.15316772460938
101.08948516845703
98.29186248779297
100.6949462890625
57.83283996582031
78.64350891113281
47.80733871459961
77.56077575683594
97.55748748779297
75.41952514648438
61.91604232788086
60.904197692871094
76.62918853759766
50.102943420410156
57.397972106933594
64.97321319580078
75.74331665039062
89.42799377441406
58.14175796508789
76.88884735107422
78.64997100830078
77.58515930175781
67.23355865478516
55.28057861328125
93.19974517822266
88.01763153076172
58.877586364746094
64.24705505371094
52.200347900390625
65.54808044433594
109.55917358398438
88.74385833740234
95.07392120361328
92.74786376953125
57.76839065551758
70.19969940185547
58.80921173095703
95.63929748535156
79.176025390625
70.47053527832031
76.17225646972656
67.34664916992188
64.65328216552734
90.93426513671875
77.0721206665039
67.34029388427734
81.6204833984375
77.6065673828125
74.77091979980469
89.82917785644531
74.86504364013672
105.2083740234375
92.98735809326172
98.04408264160156
70.28655242919922
61.69390106201172
64.02460479736328
65.60405731201172
68.34273529052734
63.402259826660156
66.66094970703125
64.12354278564453
83.78327941894531
45.87791061401367
103.60319519042969
72.57658386230469
49.115577697753906
87.31478881835938
89.9976577758789
44.00498580932617
60.1502799987793
52.08953094482422
70.85505676269531
72.89488983154297
50.47528076171875
102.59703063964844
70.284423828125
61.04362106323242
50.63812255859375
61.079368591308594
88.89405822753906
78.02726745605469
67.9836196899414
65.85307312011719
75.63467407226562
41.60884094238281
63.0045280456543
68.37003326416016
70.93762969970703
117.12288665771484
64.47113037109375
67.26763916015625
68.43246459960938
109.16353607177734
90.71748352050781
81.96900177001953
95.06102752685547
89.16766357421875
70.23066711425781
56.690147399902344
72.34624481201172
98.08438873291016
56.8480110168457
109.2713394165039
92.03416442871094
88.57716369628906
71.51042175292969
80.5147705078125
100.3387451171875
75.4670639038086
44.25761795043945
88.32941436767578
77.8941650390625
58.255741119384766
47.08928680419922
76.55594635009766
58.70270919799805
76.19705200195312
80.49574279785156
79.10264587402344
90.56486511230469
60.37666320800781
56.888702392578125
71.57890319824219
57.05200958251953
66.0003433227539
86.07390594482422
80.8914794921875
98.35025787353516
63.606651306152344
82.2489242553711
51.582908630371094
85.30843353271484
90.44780731201172
80.04898071289062
106.33331298828125
82.00658416748047
74.02288818359375
65.23141479492188
69.46536254882812
74.45645141601562
78.8737564086914
115.16446685791016
68.23108673095703
85.08104705810547
71.9608383178711
78.05587768554688
73.40654754638672
51.28694534301758
69.15853881835938
83.06011962890625
76.0832748413086
115.73114776611328
70.62438201904297
64.02303314208984
52.92105484008789
81.6164779663086
78.90916442871094
89.78742980957031
65.90666961669922
57.3441162109375
71.28961181640625
99.97932434082031
57.50379943847656
63.78300857543945
98.06502532958984
101.21980285644531
60.2493782043457
76.56794738769531
79.66617584228516
69.6711196899414
97.86537170410156
71.51663970947266
86.17051696777344
95.04269409179688
101.60338592529297
120.60548400878906
64.39286804199219
83.58605194091797
82.30570220947266
91.19926452636719
86.46598052978516
80.54143524169922
70.94080352783203
85.84374237060547
77.039794921875
60.45124816894531
69.9807357788086
56.685359954833984
98.14956665039062
76.91607666015625
61.79631042480469
73.84053039550781
60.961910247802734
60.289466857910156
132.69140625
46.064823150634766
86.82384490966797
106.02896118164062
83.72649383544922
84.89629364013672
91.78996276855469
75.18891906738281
93.09520721435547
86.68904113769531
76.47757720947266
87.85517120361328
88.15071868896484
70.1056900024414
102.88255310058594
64.49181365966797
94.33853149414062
79.46568298339844
54.18505096435547
55.048622131347656
93.01722717285156
105.80232238769531
124.6608657836914
62.08079528808594
80.48204803466797
88.50159454345703
70.62692260742188
74.36135864257812
67.75611114501953
64.22579193115234
68.89628601074219
83.89640808105469
65.6739730834961
60.40766525268555
83.07584381103516
46.88276290893555
76.68317413330078
63.9410285949707
118.22102355957031
71.36238098144531
82.51799774169922
110.20821380615234
85.99870300292969
127.60130310058594
59.232547760009766
84.3274917602539
86.90264892578125
92.52103424072266
64.9660873413086
53.9127311706543
85.57095336914062
63.34332275390625
74.62272644042969
68.56407928466797
83.58721923828125
84.44452667236328
109.32086944580078
49.51932907104492
95.37783813476562
76.08533477783203
53.606353759765625
84.33714294433594
57.337432861328125
76.30674743652344
101.78462982177734
76.32431030273438
82.4869613647461
83.13298034667969
59.277584075927734
82.78742218017578
50.46184158325195
72.24054718017578
59.384342193603516
38.30942153930664
56.57421875
155.57183837890625
76.30481719970703
65.10851287841797
50.133243560791016
59.81877517700195
105.1912841796875
70.78954315185547
120.44999694824219
64.36244201660156
64.2879409790039
59.68631362915039
58.082923889160156
69.0791015625
51.68600082397461
69.27326965332031
71.62417602539062
78.93737030029297
45.714786529541016
81.74594116210938
53.89753723144531
59.145816802978516
65.14543914794922
72.13788604736328
101.73703002929688
72.85472869873047
86.81832122802734
88.51277923583984
84.48390197753906
71.13308715820312
83.55194091796875
73.39535522460938
66.40756225585938
76.57070922851562
132.78842163085938
66.13107299804688
47.155860900878906
64.99491882324219
83.40821838378906
79.17894744873047
63.86424255371094
72.7173080444336
90.10575103759766
106.33540344238281
92.7369384765625
72.81332397460938
59.30854034423828
73.99669647216797
57.146297454833984
53.27212142944336
65.29901123046875
55.7059440612793
76.30769348144531
56.512184143066406
103.17239379882812
69.09185791015625
55.755088806152344
118.40206146240234
87.18891143798828
57.73102569580078
84.55276489257812
47.88276672363281
83.41873931884766
75.48956298828125
58.395904541015625
60.38811111450195
70.1628189086914
69.85340881347656
73.6598892211914
99.90033721923828
78.53623962402344
61.82270431518555
66.81501770019531
84.04086303710938
62.076297760009766
65.71002197265625
87.75093078613281
70.45719146728516
84.41586303710938
83.51284790039062
43.632232666015625
43.57766342163086
35.681243896484375
72.79866790771484
75.07705688476562
100.96871185302734
51.91975021362305
94.8623275756836
52.259727478027344
66.26842498779297
65.32258605957031
69.44921875
65.6147689819336
71.18533325195312
113.4009017944336
74.52351379394531
64.72156524658203
71.44310760498047
90.66255950927734
81.09010314941406
91.45922088623047
62.42116928100586
127.94241333007812
80.91535186767578
61.688934326171875
68.73360443115234
106.1587142944336
74.65884399414062
82.70225524902344
72.38528442382812
66.97017669677734
70.2566909790039
67.55609893798828
58.850807189941406
55.738670349121094
59.60441589355469
91.48302459716797
69.42227935791016
64.39883422851562
74.70939636230469
80.21642303466797
65.32251739501953
53.24714660644531
74.7869873046875
82.62102508544922
70.57341003417969
98.70181274414062
53.972129821777344
86.54421997070312
69.1775131225586
78.18528747558594
77.3690414428711
76.23258972167969
53.49082565307617
102.66008758544922
81.72486877441406
57.0445442199707
73.77487182617188
86.4781265258789
100.23046875
63.138145446777344
105.91205596923828
100.89881134033203
56.674530029296875
65.70765686035156
92.66580200195312
88.65234375
75.90916442871094
66.23465728759766
64.64885711669922
118.65935516357422
78.81019592285156
75.32844543457031
77.4224853515625
78.87122344970703
101.16283416748047
67.30304718017578
80.91686248779297
41.95321273803711
65.5640869140625
67.40242004394531
72.15182495117188
104.65766906738281
52.343719482421875
57.448726654052734
58.517478942871094
53.50927734375
37.66324234008789
78.61927032470703
78.2556381225586
72.7276840209961
83.38825988769531
46.1534309387207
75.94470977783203
69.58009338378906
71.20169067382812
119.6912841796875
60.391761779785156
117.82435607910156
67.59465026855469
94.61882781982422
81.39494323730469
103.96669006347656
96.88943481445312
73.89434814453125
58.948631286621094
72.7286376953125
57.98877716064453
91.87440490722656
95.68141174316406
68.22764587402344
95.3083724975586
75.58431243896484
69.49736785888672
60.538822174072266
59.510189056396484
71.1989517211914
59.555870056152344
81.28453063964844
88.14778137207031
66.58084106445312
60.180198669433594
73.76408386230469
88.1075668334961
55.59046173095703
66.2733383178711
74.86238098144531
77.15479278564453
73.8888931274414
71.94707489013672
68.97926330566406
98.29022216796875
79.12905883789062
90.72478485107422
47.45583724975586
74.89326477050781
62.37543869018555
71.8696060180664
59.35091781616211
67.55055236816406
60.12275695800781
96.4627914428711
52.569007873535156
96.85150146484375
82.3573226928711
86.98876953125
51.35124969482422
67.42465209960938
93.06163024902344
79.0971450805664
84.42108917236328
64.43168640136719
71.95104217529297
86.98180389404297
39.42570877075195
62.92746353149414
122.6786880493164
52.631813049316406
60.17593002319336
83.82811737060547
80.21663665771484
94.60993194580078
66.79804229736328
88.14488983154297
63.76209259033203
85.81489562988281
91.94699096679688
56.12160110473633
57.83603286743164
47.689876556396484
48.071102142333984
70.52539825439453
116.9769515991211
53.71475601196289
70.24137115478516
115.126953125
85.50151824951172
91.16841125488281
112.39601135253906
79.45394134521484
64.21119689941406
64.10248565673828
68.08773040771484
74.82785034179688
52.661895751953125
104.53546905517578
79.56600952148438
93.66529846191406
93.10916900634766
78.18782043457031
72.5066146850586
100.80792236328125
63.3371696472168
75.38605499267578
105.03128051757812
91.35021209716797
79.61442565917969
74.8597640991211
97.02657318115234
91.02271270751953
77.68379974365234
74.5899429321289
87.73751831054688
84.49179077148438
70.48896026611328
79.76959228515625
75.62332153320312
65.54254913330078
61.361629486083984
60.86581802368164
49.77418899536133
57.91575241088867
88.49285888671875
82.76679229736328
49.906761169433594
55.418128967285156
61.13291549682617
79.65907287597656
117.410888671875
76.03605651855469
98.22725677490234
53.22018814086914
47.72203063964844
59.487674713134766
71.83536529541016
85.87176513671875
93.35279083251953
54.374691009521484
53.199684143066406
93.97666931152344
80.96106719970703
69.6722412109375
71.24906158447266
74.04822540283203
55.57697296142578
84.41395568847656
52.27145767211914
67.08850860595703
97.00630187988281
73.89546203613281
57.291236877441406
136.24435424804688
86.56236267089844
91.15409088134766
106.33345031738281
114.63933563232422
99.55299377441406
79.07392120361328
58.97090148925781
81.909912109375
64.82258605957031
49.01173782348633
89.97279357910156
53.62112045288086
88.23641967773438
81.40243530273438
80.26564025878906
55.45563507080078
60.204925537109375
105.145263671875
75.6733627319336
74.4886245727539
76.022216796875
83.60382080078125
82.5291748046875
58.011878967285156
59.842445373535156
58.93220901489258
94.64014434814453
57.3658447265625
98.0978775024414
90.18267822265625
75.62791442871094
81.94236755371094
103.29740142822266
81.4281234741211
44.722129821777344
88.45954132080078
45.043861389160156
80.18531036376953
60.34782409667969
71.79129028320312
70.83638763427734
82.99636840820312
78.73049926757812
82.08711242675781
95.60826873779297
59.35984420776367
74.57624816894531
59.209754943847656
79.57861328125
66.95669555664062
62.71013641357422
88.94963073730469
64.00737762451172
145.62759399414062
91.4789047241211
56.92432403564453
81.2522201538086
97.00818634033203
80.25450897216797
78.7812271118164
68.200439453125
82.69755554199219
69.87435913085938
67.93757629394531
114.89856719970703
72.30866241455078
83.22945404052734
89.10081481933594
88.462890625
93.12281799316406
71.57471466064453
98.2957763671875
72.59576416015625
98.05786895751953
77.24869537353516
88.15449523925781
92.08283233642578
76.74119567871094
71.08861541748047
89.03334045410156
83.60092163085938
49.31614303588867
91.8259506225586
69.57571411132812
66.88103485107422
76.08917999267578
86.38872528076172
66.74568939208984
88.12782287597656
65.10693359375
93.8089370727539
50.83670425415039
67.5758285522461
61.981990814208984
86.50917053222656
98.60686492919922
46.70168685913086
74.79591369628906
64.68448638916016
50.57119369506836
56.47221755981445
67.31929779052734
85.0082015991211
94.554931640625
76.25089263916016
58.72502899169922
75.9572982788086
72.10538482666016
61.83026123046875
90.0180892944336
72.04988861083984
127.17655181884766
70.38072967529297
54.07732391357422
84.83736419677734
60.47864532470703
90.21776580810547
92.53065490722656
80.3334732055664
58.21135330200195
101.164794921875
74.557373046875
60.58645248413086
75.28136444091797
71.51158142089844
68.87638854980469
86.86272430419922
82.65363311767578
64.64689636230469
103.48506927490234
76.34700012207031
84.66732788085938
75.39105987548828
111.31954193115234
47.88988494873047
86.29826354980469
51.36189270019531
51.58024978637695
83.95055389404297
88.78516387939453
74.14836883544922
83.7142333984375
88.8993911743164
87.34056854248047
70.45645141601562
60.23677062988281
72.7957763671875
70.10179138183594
56.39628601074219
81.98792266845703
73.18745422363281
93.89043426513672
70.75283813476562
89.05853271484375
91.15813446044922
72.17900848388672
80.28765869140625
60.21639633178711
57.05720901489258
40.67463684082031
65.05340576171875
44.32146453857422
73.49128723144531
76.75761413574219
58.13779830932617
96.00174713134766
65.13593292236328
50.10271453857422
48.894100189208984
56.79176330566406
57.464881896972656
66.16216278076172
93.77265167236328
74.20075225830078
56.684364318847656
73.65281677246094
59.518306732177734
67.22100830078125
94.99745178222656
93.37369537353516
57.382205963134766
70.24971008300781
95.09851837158203
62.17118835449219
67.95887756347656
90.73322296142578
59.30226135253906
83.16019439697266
77.74661254882812
102.074462890625
73.335205078125
70.95732879638672
86.69538116455078
70.84696960449219
63.2208251953125
89.92176818847656
72.7784423828125
53.390804290771484
98.17913055419922
120.31814575195312
76.71453857421875
86.67672729492188
72.3794937133789
89.8663558959961
104.51353454589844
86.85614013671875
50.31821060180664
77.31023406982422
76.06175231933594
50.059818267822266
119.50749206542969
77.65795135498047
77.07113647460938
45.23754119873047
63.69438552856445
71.03152465820312
119.28539276123047
106.29793548583984
95.16436004638672
68.87581634521484
68.54035186767578
98.25758361816406
61.65492630004883
72.90325164794922
88.04499816894531
97.16548156738281
84.20049285888672
92.79332733154297
67.97422790527344
109.23816680908203
60.83966827392578
73.32962799072266
53.362632751464844
86.84518432617188
67.04022979736328
82.18842315673828
59.46379089355469
50.54244613647461
84.47103118896484
68.20899963378906
96.92298126220703
96.99195098876953
60.11856460571289
86.59923553466797
71.14759826660156
73.93106842041016
107.8714370727539
71.53556823730469
88.95265197753906
76.14114379882812
61.83484649658203
49.60554885864258
58.30772399902344
67.1152114868164
101.87065124511719
79.13243865966797
56.396766662597656
67.51091766357422
56.716609954833984
73.97518920898438
97.178466796875
67.3033218383789
50.538394927978516
79.84195709228516
94.72642517089844
98.2947006225586
121.4325942993164
50.76984405517578
73.09215545654297
62.504112243652344
66.0474853515625
95.59627532958984
42.49446105957031
48.43819808959961
67.6158676147461
43.417293548583984
75.47052764892578
105.9723129272461
67.5352783203125
75.72966766357422
73.72386169433594
62.730064392089844
67.2694091796875
98.59574890136719
74.40557861328125
79.4318618774414
61.050167083740234
91.79242706298828
51.63168716430664
94.65413665771484
63.495399475097656
64.77202606201172
80.60665893554688
57.9358024597168
78.86439514160156
81.75919342041016
70.89400482177734
66.73464965820312
70.98854064941406
92.02808380126953
72.89085388183594
59.635398864746094
53.26885223388672
89.16215515136719
52.269771575927734
70.54740905761719
66.06777954101562
73.08631896972656
82.82958984375
65.43042755126953
78.6912612915039
87.80428314208984
90.57746887207031
73.37319946289062
62.61588668823242
67.9501724243164
56.110595703125
98.15989685058594
91.51409149169922
115.61970520019531
81.52631378173828
66.00423431396484
73.87711334228516
68.18563842773438
52.93369674682617
75.70231628417969
46.67003631591797
116.76278686523438
60.200809478759766
102.38967895507812
129.71481323242188
96.86453247070312
61.1328010559082
60.96323013305664
81.97540283203125
86.30648040771484
96.86526489257812
74.31648254394531
71.29805755615234
90.93387603759766
71.15542602539062
59.60646057128906
71.45172119140625
93.87236022949219
87.98796081542969
77.04785919189453
96.4308090209961
67.36157989501953
73.29003143310547
86.91281127929688
77.23970031738281
82.25443267822266
62.59116744995117
96.3807601928711
75.13407897949219
56.008811950683594
93.6449203491211
60.52646255493164
145.27938842773438
54.62857437133789
75.96895599365234
69.01580047607422
85.60694122314453
61.9731559753418
71.31192016601562
72.58914947509766
107.43050384521484
96.52544403076172
112.55558776855469
66.31241607666016
66.15895080566406
104.5771484375
98.69214630126953
105.11373901367188
111.43069458007812
84.09500885009766
69.47708892822266
62.705047607421875
75.93624877929688
45.14043045043945
60.332969665527344
81.77620697021484
72.92408752441406
82.22630310058594
56.96113586425781
78.89925384521484
66.88998413085938
67.97994232177734
119.28435516357422
69.22843933105469
48.555728912353516
64.38268280029297
71.76451873779297
82.05171966552734
63.811771392822266
72.41123962402344
97.55420684814453
114.2202377319336
69.90505981445312
88.41173553466797
55.00639724731445
118.9832992553711
59.52782440185547
56.617156982421875
71.43499755859375
61.71172332763672
58.57754898071289
87.21322631835938
65.70121002197266
57.74805450439453
73.51990509033203
65.47315979003906
74.08560943603516
64.34648895263672
64.28168487548828
57.434593200683594
58.840126037597656
70.56222534179688
97.84307098388672
51.561851501464844
78.06034088134766
66.33589172363281
89.69683074951172
111.2232437133789
76.02288818359375
86.47221374511719
75.19911193847656
58.39200210571289
72.7458267211914
55.072200775146484
94.53580474853516
97.39064025878906
57.330928802490234
84.57505798339844
85.5202407836914
77.61085510253906
91.1619644165039
101.21106719970703
66.29830169677734
88.70545196533203
99.72720336914062
73.42487335205078
64.0211181640625
72.097412109375
94.9070053100586
69.5213394165039
50.95486831665039
75.56809997558594
67.05197143554688
43.334449768066406
67.18325805664062
108.73196411132812
92.51866912841797
66.69702911376953
75.95250701904297
76.93211364746094
64.51685333251953
93.31562805175781
83.4600830078125
60.06794738769531
75.03075408935547
75.46074676513672
76.16100311279297
64.75994873046875
103.03766632080078
88.88111114501953
91.97561645507812
110.58747100830078
56.10297393798828
68.3165283203125
53.830810546875
85.03590393066406
92.21741485595703
77.0169448852539
67.84716033935547
86.60330200195312
84.34976959228516
77.64595031738281
60.379066467285156
62.61085891723633
72.3577880859375
57.578800201416016
55.424739837646484
63.55227279663086
89.01164245605469
70.56234741210938
55.34120559692383
99.63429260253906
70.44075012207031
64.53170013427734
58.778202056884766
80.0336685180664
47.91978454589844
106.04570007324219
87.99909973144531
75.41885375976562
85.5500717163086
56.76512145996094
56.99821472167969
87.36984252929688
71.27595520019531
61.34257125854492
95.03791809082031
76.46691131591797
61.553401947021484
62.30900955200195
96.59204864501953
66.88091278076172
77.3150863647461
65.80722045898438
87.33155059814453
79.5616226196289
79.4647445678711
70.79393768310547
70.15779876708984
61.481834411621094
72.88178253173828
55.24314880371094
84.16020965576172
131.8144073486328
77.17240142822266
109.21550750732422
45.895870208740234
75.29890441894531
89.11251068115234
63.90306854248047
104.68079376220703
117.68450164794922
76.24129486083984
83.00089263916016
115.3038330078125
67.67816925048828
90.6241455078125
47.19710159301758
76.69955444335938
80.43811798095703
77.14559173583984
110.6675796508789
52.233760833740234
61.022220611572266
151.9615478515625
105.81558990478516
68.19208526611328
75.02043914794922
73.3452377319336
51.34332275390625
84.4383544921875
68.89089965820312
83.08052825927734
66.38421630859375
78.5808334350586
85.51486206054688
55.718448638916016
42.19673156738281
63.26202392578125
64.1814956665039
58.93998336791992
86.99734497070312
63.715999603271484
73.75325775146484
118.94490051269531
61.472068786621094
63.155818939208984
69.64768981933594
75.79822540283203
68.8239517211914
71.3599853515625
75.39672088623047
50.22845458984375
84.15563201904297
42.90888977050781
71.39507293701172
74.02720642089844
84.34780883789062
97.69198608398438
68.578369140625
63.800018310546875
131.95179748535156
87.4234848022461
66.4505844116211
90.28170013427734
65.00788879394531
72.52344512939453
113.43290710449219
84.97126770019531
81.93257141113281
101.80475616455078
60.325645446777344
83.45076751708984
79.8292007446289
77.31134796142578
81.48131561279297
86.46678924560547
49.60637283325195
60.382022857666016
100.84855651855469
56.524253845214844
60.770545959472656
68.25341796875
111.23953247070312
81.55650329589844
84.89273071289062
70.36703491210938
63.47227478027344
79.91022491455078
63.21287155151367
96.72703552246094
101.34124755859375
58.93661880493164
86.28135681152344
87.6690444946289
103.93402099609375
90.97187042236328
61.08830642700195
93.04531860351562
57.85120391845703
62.30781555175781
50.553123474121094
78.39161682128906
93.13589477539062
99.7798843383789
91.22412109375
64.34202575683594
113.19924926757812
69.40168762207031
72.52287292480469
66.61156463623047
89.49752807617188
87.33753967285156
98.61331176757812
94.49772644042969
66.09033966064453
72.58536529541016
63.91100311279297
62.05744552612305
64.7459487915039
75.28355407714844
52.60654830932617
74.5674819946289
86.0284652709961
48.5323486328125
103.08425903320312
49.62362289428711
70.43693542480469
80.95458984375
72.93708801269531
83.96333312988281
44.54402160644531
59.73980712890625
72.24982452392578
72.90859985351562
57.546051025390625
60.61430740356445
71.67107391357422
107.09830474853516
94.69119262695312
63.0368766784668
50.15892791748047
65.52315521240234
67.60749053955078
80.48601531982422
120.22430419921875
74.65568542480469
95.52332305908203
44.77667236328125
61.44688034057617
66.17711639404297
84.1276626586914
57.27057647705078
79.80673217773438
64.45978546142578
90.27840423583984
68.9395980834961
62.048397064208984
55.35921096801758
73.67867279052734
64.90155029296875
69.2878646850586
60.366512298583984
99.03841400146484
57.35850143432617
132.06924438476562
69.2845230102539
77.0748519897461
68.01278686523438
64.7259292602539
77.02445983886719
69.19456481933594
90.04024505615234
69.03628540039062
67.47035217285156
91.38738250732422
66.7200698852539
93.54306030273438
74.94805145263672
53.74605178833008
104.3596420288086
60.611793518066406
98.77424621582031
59.81861114501953
47.98073959350586
94.18521881103516
72.13088989257812
91.42882537841797
61.753822326660156
84.29811096191406
78.52674102783203
71.69219970703125
54.925506591796875
67.95653533935547
109.96731567382812
71.4886703491211
70.13155364990234
93.91858673095703
55.413795471191406
66.2551040649414
82.56428527832031
64.45716094970703
73.4503402709961
93.80653381347656
58.90808868408203
44.64080047607422
66.16267395019531
82.58873748779297
65.30400848388672
87.35151672363281
94.66299438476562
88.3532943725586
76.21751403808594
55.788047790527344
95.2238540649414
98.71404266357422
44.719730377197266
87.3989486694336
73.00749969482422
103.25751495361328
54.0645866394043
80.14268493652344
86.76438903808594
73.01216888427734
89.37617492675781
73.57211303710938
88.7400894165039
64.52948760986328
87.56891632080078
69.79288482666016
104.11752319335938
84.89543151855469
111.42878723144531
84.3384780883789
57.598018646240234
62.489627838134766
89.47624969482422
80.04014587402344
88.11354064941406
54.96519088745117
75.59013366699219
92.36099243164062
56.34030532836914
84.39926147460938
66.06024932861328
58.1781120300293
70.76019287109375
92.99642181396484
51.70771026611328
111.61351013183594
44.0360221862793
51.348388671875
73.87844848632812
102.37984466552734
83.0379638671875
57.261539459228516
64.67536926269531
84.50411987304688
77.0339584350586
63.65571212768555
86.2378158569336
62.1070671081543
62.01308822631836
52.327518463134766
61.18106460571289
92.81505584716797
71.24553680419922
101.57478332519531
69.83997344970703
106.47422790527344
75.28009033203125
73.68228149414062
51.470211029052734
66.20630645751953
98.39842987060547
51.178550720214844
76.97469329833984
70.18720245361328
89.29487609863281
67.8427963256836
42.814674377441406
99.7601089477539
52.06113052368164
58.76034164428711
54.90251541137695
62.44744873046875
61.1043586730957
89.27363586425781
64.52130889892578
98.73086547851562
94.60301971435547
43.61540985107422
63.864933013916016
67.02169799804688
107.96056365966797
60.257606506347656
83.8607177734375
76.06462097167969
92.013671875
64.92455291748047
62.83673095703125
75.89170837402344
66.7469711303711
71.71784973144531
48.903648376464844
51.27459716796875
110.97798919677734
56.7701301574707
93.62592315673828
60.70962142944336
58.75981521606445
61.35586929321289
142.52484130859375
98.51717376708984
67.29534149169922
63.85194778442383
56.02027893066406
95.69053649902344
67.22653198242188
60.6247444152832
78.39753723144531
66.8510971069336
58.35594177246094
78.22045135498047
51.2286262512207
72.80416107177734
83.07340240478516
73.93852996826172
84.25581359863281
89.69601440429688
74.80278015136719
96.51546478271484
71.38098907470703
90.3453598022461
76.25012969970703
106.52422332763672
74.86207580566406
103.8240966796875
55.290504455566406
59.0269775390625
57.19387435913086
61.695960998535156
80.17133331298828
68.28880310058594
101.24581909179688
78.77525329589844
100.72355651855469
113.29827117919922
130.08676147460938
52.002220153808594
67.13526153564453
81.87689208984375
92.65116119384766
59.45408248901367
65.27449035644531
42.187110900878906
56.266231536865234
111.51079559326172
85.82921600341797
83.00907135009766
116.50447082519531
85.20098114013672
93.87027740478516
84.67323303222656
117.12539672851562
66.69306182861328
85.58180236816406
94.30732727050781
56.72611999511719
89.24005889892578
46.837284088134766
82.37120819091797
75.26505279541016
65.5897216796875
70.65882110595703
85.48875427246094
66.65081787109375
96.51397705078125
80.27641296386719
53.61313247680664
75.12818908691406
99.12229919433594
74.3813247680664
77.75056457519531
91.86344146728516
102.209716796875
140.91708374023438
75.21398162841797
99.54692077636719
81.9931411743164
72.87527465820312
64.67957305908203
66.75029754638672
103.78506469726562
73.31025695800781
62.224979400634766
88.62409973144531
54.29745101928711
58.43670654296875
90.03955841064453
79.57460021972656
45.05018615722656
57.361881256103516
84.0689926147461
68.62126159667969
89.80127716064453
105.37361907958984
61.171329498291016
58.805171966552734
88.2803955078125
63.73667907714844
125.18521118164062
73.33168029785156
83.62067413330078
96.07583618164062
66.48023986816406
76.34514617919922
82.3003921508789
93.23365783691406
69.93968200683594
77.91603088378906
75.9347915649414
109.43404388427734
60.90737533569336
81.5206069946289
96.59046173095703
59.01540756225586
78.82039642333984
78.25183868408203
81.1079330444336
51.327842712402344
55.895111083984375
48.7615966796875
82.29419708251953
101.17176055908203
128.96975708007812
60.31443786621094
75.01541137695312
50.5816535949707
64.27406311035156
63.519378662109375
73.87628936767578
78.80329132080078
77.4355239868164
117.17276763916016
65.00623321533203
77.66233825683594
79.1844253540039
76.55218505859375
61.88260269165039
73.51707458496094
58.545135498046875
64.88565063476562
80.18083190917969
62.047332763671875
63.06964111328125
63.26425552368164
82.06893157958984
85.11868286132812
70.67127227783203
89.33634185791016
47.488555908203125
86.0107192993164
92.3719482421875
78.56365966796875
121.47848510742188
109.74524688720703
61.952449798583984
124.78022003173828
95.82376098632812
65.7688217163086
102.57858276367188
74.99022674560547
100.46183013916016
68.692138671875
68.89859008789062
93.16770935058594
81.37047576904297
74.78970336914062
55.06261444091797
56.71125411987305
102.7667007446289
70.91856384277344
45.70658493041992
90.96456146240234
36.85193634033203
98.1778564453125
88.61868286132812
62.24681854248047
67.7047119140625
65.14556121826172
62.154136657714844
60.24468231201172
128.71710205078125
88.88800048828125
77.29370880126953
97.75386047363281
70.67988586425781
73.0144271850586
66.24687957763672
80.7774887084961
69.64585876464844
65.24815368652344
84.36915588378906
63.51572799682617
68.60161590576172
82.3596420288086
84.350830078125
74.18751525878906
48.446861267089844
82.6038818359375
89.57221984863281
75.6451416015625
55.17767333984375
78.28616333007812
97.78022766113281
73.26016235351562
94.33465576171875
104.20001983642578
84.41472625732422
64.02359771728516
74.29859924316406
72.79661560058594
56.80079650878906
85.31278991699219
85.04900360107422
76.00216674804688
65.71115112304688
60.77587890625
147.7826690673828
38.7943229675293
61.86030578613281
60.228965759277344
101.50012969970703
82.69725799560547
89.12053680419922
75.1859130859375
73.59819793701172
68.95609283447266
56.12691116333008
88.41189575195312
69.38744354248047
86.78250122070312
69.80908203125
78.78214263916016
120.5890884399414
85.67658996582031
69.20307922363281
69.3498764038086
93.09135437011719
94.81033325195312
71.34725189208984
97.28609466552734
68.44486999511719
69.47772979736328
57.79924011230469
49.525936126708984
91.11782836914062
60.400814056396484
88.10134887695312
86.7098388671875
108.8121109008789
60.625919342041016
80.89280700683594
89.11060333251953
73.72030639648438
54.08876419067383
52.26056671142578
65.48796844482422
96.70502471923828
77.50471496582031
101.95488739013672
105.02951049804688
57.125335693359375
54.708824157714844
47.31806182861328
71.06909942626953
112.60782623291016
85.46973419189453
90.97895050048828
78.40323638916016
70.5289077758789
67.3570556640625
55.66471862792969
90.69645690917969
45.57002639770508
52.861385345458984
69.89080047607422
58.55682373046875
94.04226684570312
83.07140350341797
53.31938171386719
92.64705657958984
57.92512130737305
89.59691619873047
58.40130615234375
89.69282531738281
79.86143493652344
89.572021484375
59.4930419921875
49.53449249267578
50.85063934326172
66.84434509277344
91.07390594482422
51.23250198364258
48.987022399902344
60.93821716308594
90.36044311523438
81.67962646484375
56.59572982788086
87.83181762695312
93.04086303710938
115.48419189453125
72.1756362915039
107.01541900634766
81.27433776855469
75.35629272460938
74.64288330078125
100.85777282714844
67.64527130126953
100.47091674804688
65.68644714355469
57.06636047363281
84.91747283935547
56.1765251159668
69.89674377441406
90.5687484741211
79.71659851074219
80.50751495361328
60.753963470458984
66.69476318359375
63.041500091552734
87.66201782226562
61.337890625
66.03600311279297
116.08252716064453
74.30728912353516
74.14579772949219
67.72308349609375
57.67348098754883
82.618896484375
63.81553649902344
76.3999252319336
58.341915130615234
52.44490051269531
72.1473617553711
88.86566162109375
48.85795593261719
65.39897918701172
103.35105895996094
110.26326751708984
73.73756408691406
95.69786071777344
99.19059753417969
49.18213653564453
91.0820541381836
58.21018600463867
89.16883087158203
61.667457580566406
62.91493606567383
58.109832763671875
76.43862915039062
74.18677520751953
78.93377685546875
63.05976486206055
68.95038604736328
50.05419921875
50.30219268798828
97.41830444335938
86.70951843261719
68.6591567993164
86.76934051513672
65.51696014404297
86.56208038330078
72.46609497070312
55.16121292114258
102.9288101196289
86.70694732666016
85.0323257446289
71.1387710571289
65.24616241455078
74.5660400390625
81.57682800292969
69.8250732421875
70.26911926269531
74.65394592285156
61.666385650634766
74.92364501953125
95.5429916381836
71.80101013183594
83.22786712646484
69.92545318603516
66.2776107788086
66.36852264404297
87.43348693847656
68.64002227783203
65.23924255371094
52.23453140258789
68.22978210449219
75.710693359375
84.48149108886719
102.33753204345703
67.3667221069336
50.900962829589844
98.86590576171875
115.09112548828125
51.74335861206055
72.18678283691406
77.8148193359375
58.9375
83.07698059082031
88.10557556152344
60.57136535644531
84.53518676757812
95.65808868408203
72.0953140258789
60.41264343261719
58.87234878540039
69.88375854492188
90.63422393798828
68.87806701660156
41.07564926147461
69.80050659179688
74.87596130371094
80.9843521118164
52.46773910522461
92.73219299316406
73.8974609375
60.126651763916016
88.19866180419922
62.9197998046875
60.57636642456055
56.523406982421875
116.78289031982422
59.90446472167969
104.5842514038086
65.6488265991211
88.91703033447266
86.55432891845703
44.7603759765625
82.97953033447266
102.89958953857422
60.7899284362793
106.37718963623047
129.15211486816406
58.198463439941406
88.66510009765625
62.9911003112793
83.4893569946289
72.11447143554688
86.51615905761719
96.04835510253906
56.797183990478516
78.2412338256836
65.54901885986328
108.57836151123047
53.6413688659668
61.0228385925293
67.08584594726562
91.10021209716797
73.43959045410156
52.16455078125
66.05538940429688
78.13792419433594
69.08667755126953
56.71211624145508
70.56484985351562
81.18779754638672
79.35710906982422
96.14643096923828
100.30573272705078
66.91006469726562
71.91802978515625
76.23973846435547
71.09241485595703
96.75605773925781
85.6194839477539
86.19190979003906
84.54329681396484
82.3276596069336
72.57271575927734
114.72627258300781
54.54676818847656
60.84253692626953
80.73658752441406
62.552032470703125
52.97270965576172
62.69798278808594
56.661277770996094
85.0346450805664
60.95691680908203
63.629150390625
70.002197265625
77.99745178222656
72.8851547241211
58.33683395385742
104.95045471191406
65.94860076904297
90.34363555908203
61.469844818115234
58.28266525268555
86.93901824951172
71.3002700805664
71.14946746826172
79.46802520751953
85.426513671875
56.68269729614258
93.2051010131836
95.80377960205078
52.96413803100586
89.1829605102539
48.52887725830078
65.11812591552734
84.25857543945312
84.388671875
72.51293182373047
84.7596206665039
90.3712158203125
78.8355484008789
48.919769287109375
66.66698455810547
51.58557891845703
75.71000671386719
99.08610534667969
73.99799346923828
72.62882995605469
62.75252151489258
61.11433792114258
70.1153793334961
64.8248519897461
53.761844635009766
92.23546600341797
109.9206771850586
70.88654327392578
94.98956298828125
71.891845703125
59.689666748046875
61.30794906616211
73.90634155273438
92.2840347290039
60.44529342651367
95.0079116821289
94.13263702392578
82.52949523925781
57.619075775146484
92.32294464111328
73.98802185058594
65.75537872314453
73.1796875
50.647972106933594
73.62193298339844
81.43921661376953
93.77249908447266
91.6302719116211
85.84855651855469
115.50418090820312
50.1585807800293
71.50570678710938
78.68533325195312
63.10846710205078
69.6612548828125
71.99517822265625
47.166133880615234
70.04420471191406
104.82347869873047
88.32917022705078
72.54331970214844
101.74588775634766
74.31849670410156
62.860782623291016
80.5955581665039
55.998931884765625
57.56127166748047
71.7524185180664
54.18699264526367
73.1878433227539
67.9470443725586
78.26844787597656
61.1679573059082
64.13302612304688
75.76986694335938
101.40796661376953
63.949405670166016
104.21819305419922
98.37223052978516
104.91937255859375
83.07725524902344
80.0988540649414
83.88912963867188
66.29357147216797
90.9184341430664
58.39786148071289
82.24920654296875
82.54354858398438
64.04010009765625
87.95310974121094
74.27153778076172
67.95159912109375
70.88299560546875
65.41846466064453
58.11534118652344
56.76198959350586
65.60696411132812
88.11006164550781
61.58809280395508
59.750911712646484
64.21795654296875
115.43499755859375
73.53644561767578
94.06208038330078
72.800048828125
84.56497955322266
71.38906860351562
88.59813690185547
63.31031036376953
78.2992935180664
77.7308120727539
77.21012115478516
102.5275650024414
58.34614562988281
92.51346588134766
81.6334228515625
90.42317962646484
97.00119018554688
77.87435150146484
121.11134338378906
90.36006164550781
114.89251708984375
69.57794952392578
81.61343383789062
79.97148895263672
65.50702667236328
65.26786041259766
81.45581817626953
106.37041473388672
105.33638000488281
71.54824829101562
62.87270736694336
63.67512130737305
65.00371551513672
76.569091796875
93.77557373046875
50.21375274658203
63.697872161865234
73.81563568115234
70.49700164794922
75.84268188476562
93.29855346679688
87.8219985961914
95.35540008544922
73.305419921875
66.62628173828125
74.23542785644531
89.87914276123047
74.34353637695312
94.32363891601562
75.86039733886719
59.979766845703125
96.7688980102539
83.69891357421875
81.8260726928711
74.38814544677734
100.47425079345703
73.68388366699219
73.4280014038086
62.69415283203125
71.44831085205078
90.62168884277344
59.631065368652344
87.92373657226562
48.22621536254883
51.16755676269531
121.79499053955078
69.09156036376953
57.79256820678711
81.50581359863281
66.09757232666016
73.41519927978516
70.59849548339844
64.2762451171875
112.04022979736328
89.340576171875
60.872962951660156
84.8045425415039
77.8978500366211
63.70155715942383
65.36663818359375
55.61109924316406
72.95440673828125
74.07295989990234
68.28752899169922
81.78506469726562
49.287071228027344
54.1364860534668
69.34535217285156
91.71104431152344
61.079166412353516
98.18639373779297
67.99121856689453
77.92496490478516
79.60865783691406
60.082275390625
107.53741455078125
98.97295379638672
76.16545867919922
75.97020721435547
50.39383316040039
66.51250457763672
92.9063720703125
79.2353744506836
62.89804458618164
79.33519744873047
83.83781433105469
61.74355697631836
72.37407684326172
74.11286926269531
91.138427734375
69.32515716552734
72.25824737548828
73.34632873535156
142.2814178466797
95.53316497802734
62.780906677246094
55.320220947265625
64.70011901855469
74.9934310913086
64.5444564819336
91.1657943725586
64.72161865234375
89.54881286621094
77.90202331542969
57.47702407836914
50.966270446777344
84.73810577392578
55.72072219848633
93.24473571777344
77.0298080444336
73.06871795654297
87.5718002319336
76.62063598632812
67.53106689453125
87.73045349121094
58.67530059814453
69.7435302734375
74.62017059326172
75.32518005371094
63.92112350463867
60.86680221557617
99.60651397705078
68.40332794189453
49.79248046875
45.79800033569336
86.0295639038086
74.60369873046875
45.32390594482422
76.83931732177734
81.12268829345703
90.22550964355469
117.62291717529297
59.99116516113281
125.45427703857422
62.30538558959961
60.45356369018555
76.774658203125
68.38485717773438
93.7587661743164
64.6711654663086
102.14384460449219
66.50057220458984
69.4590072631836
73.51717376708984
68.40547943115234
88.44642639160156
80.14447021484375
84.97676086425781
90.61737823486328
77.50437927246094
67.87845611572266
82.4115219116211
61.45082092285156
91.275390625
68.64647674560547
85.86822509765625
94.63788604736328
76.95845031738281
52.745018005371094
70.73554992675781
69.1968765258789
98.9510269165039
92.8047866821289
81.22653198242188
82.05480194091797
59.93646240234375
80.46393585205078
59.402896881103516
55.68009567260742
106.36600494384766
71.66303253173828
67.6527328491211
62.99879837036133
52.01411056518555
55.45991897583008
93.05210876464844
73.83671569824219
76.91636657714844
82.6571044921875
54.89319610595703
65.52120971679688
63.883060455322266
73.99732971191406
63.48094940185547
70.00433349609375
67.08228302001953
77.91075897216797
94.52388000488281
77.06246948242188
60.48350524902344
94.21357727050781
87.44890594482422
52.56922912597656
124.82633972167969
61.90830993652344
41.33895492553711
69.55744171142578
82.27964782714844
83.44898223876953
83.6410903930664
101.20103454589844
67.36767578125
108.20030212402344
76.74951171875
77.55025482177734
64.11730194091797
58.361324310302734
61.49105453491211
92.70162200927734
52.921470642089844
87.63851928710938
90.26414489746094
93.4441909790039
55.15492630004883
82.5683822631836
72.75617218017578
77.2056884765625
89.83454895019531
56.834381103515625
65.76362609863281
72.02963256835938
102.43116760253906
82.83538055419922
75.33650970458984
81.12096405029297
88.38876342773438
65.60994720458984
65.71247100830078
73.31757354736328
53.52791976928711
58.21919631958008
77.2176513671875
72.77462005615234
69.61283874511719
119.35869598388672
58.11344528198242
81.15538024902344
58.414947509765625
61.52157974243164
75.77392578125
71.98857116699219
52.98970413208008
55.758811950683594
91.14344787597656
105.9469223022461
89.94087219238281
82.82721710205078
71.68819427490234
68.9561996459961
72.20028686523438
77.68588256835938
73.76216125488281
55.835941314697266
66.64363098144531
102.64348602294922
78.26040649414062
61.2043342590332
66.53485870361328
83.74657440185547
56.66978454589844
76.0671157836914
76.35144805908203
61.36964416503906
57.621665954589844
56.91820526123047
103.17646026611328
66.02664184570312
75.4443588256836
51.56120681762695
60.30104064941406
56.06132507324219
67.5829086303711
53.7028694152832
61.193355560302734
96.70482635498047
66.6560287475586
99.51765441894531
84.81326293945312
97.67012786865234
62.39030075073242
133.45639038085938
94.74919128417969
101.67829895019531
67.49578857421875
77.39356231689453
64.21519470214844
55.1285285949707
67.081298828125
63.16179656982422
92.81936645507812
54.981201171875
59.40946578979492
126.86113739013672
89.18312072753906
67.41541290283203
73.56073760986328
77.49720764160156
78.61502075195312
115.50013732910156
78.93141174316406
61.0649528503418
87.48603057861328
82.66427612304688
63.47917938232422
60.26686477661133
69.63260650634766
49.72835159301758
62.32596206665039
67.57428741455078
75.22490692138672
72.2383041381836
118.71165466308594
79.28590393066406
76.125244140625
109.769287109375
67.53759002685547
70.8493881225586
56.66908645629883
76.61663055419922
82.17637634277344
95.99510955810547
81.11518859863281
69.99160766601562
75.32984924316406
80.06715393066406
70.4169921875
73.16831970214844
86.58280944824219
45.92397689819336
89.7574691772461
62.18992233276367
66.8726806640625
92.6749267578125
53.41859436035156
65.96063995361328
79.7474594116211
79.2839126586914
103.30882263183594
61.189632415771484
76.62979888916016
67.08709716796875
88.89585876464844
52.79635238647461
59.68564224243164
82.70133209228516
83.17117309570312
83.1256103515625
69.206298828125
61.06618881225586
97.00151824951172
112.80888366699219
74.52385711669922
68.05609130859375
92.26359558105469
94.08656311035156
46.54499435424805
79.04476928710938
63.612667083740234
64.50758361816406
54.474021911621094
88.2657699584961
69.01072692871094
63.76531219482422
70.84991455078125
67.87300872802734
81.37249755859375
79.64289855957031
70.24797821044922
69.04768371582031
55.62240982055664
103.21733093261719
92.41549682617188
55.75483703613281
69.68354797363281
52.370689392089844
83.86762237548828
69.88323974609375
72.11762237548828
60.830780029296875
110.71276092529297
88.19085693359375
66.31873321533203
66.22169494628906
65.67655944824219
86.08193969726562
113.0732650756836
54.04547882080078
83.82917022705078
97.55613708496094
62.580833435058594
46.633304595947266
72.13245391845703
102.67220306396484
86.24446868896484
110.3099594116211
63.35429000854492
89.53213500976562
81.57589721679688
81.65763854980469
89.9382553100586
72.20730590820312
77.59546661376953
58.386436462402344
79.04901885986328
66.39716339111328
117.84707641601562
89.4521255493164
105.23087310791016
79.85128021240234
62.623050689697266
66.73706817626953
86.18798828125
77.96092987060547
88.63754272460938
57.318153381347656
77.57115936279297
85.59428405761719
74.46192169189453
68.51323699951172
65.0850830078125
79.9109878540039
70.51658630371094
43.044105529785156
65.35281372070312
58.07247543334961
65.26878356933594
51.0700569152832
105.21983337402344
62.836997985839844
61.397544860839844
83.00260162353516
68.89076232910156
71.36038208007812
61.385066986083984
68.79534149169922
49.185577392578125
66.19222259521484
118.3662109375
56.364540100097656
61.4375
51.33417892456055
41.773681640625
75.84486389160156
93.36095428466797
93.98230743408203
57.3671989440918
48.97652816772461
66.74622344970703
69.57743072509766
74.1319580078125
83.83639526367188
89.38420867919922
51.060401916503906
57.35606002807617
71.3563003540039
86.220947265625
78.05149841308594
75.38826751708984
79.43852996826172
79.1885986328125
62.22719192504883
110.41808319091797
64.16523742675781
80.75395965576172
94.51703643798828
85.27812957763672
77.17710876464844
78.1746597290039
42.7265739440918
87.0024642944336
93.62315368652344
134.3780517578125
67.38263702392578
76.12066650390625
80.01029968261719
85.42681884765625
99.92710876464844
59.33863067626953
79.84668731689453
80.62096405029297
58.855751037597656
59.12570571899414
88.61835479736328
78.38977813720703
62.49391555786133
67.4716567993164
55.61516189575195
74.88680267333984
112.14102935791016
59.61140441894531
104.31395721435547
102.215576171875
55.205116271972656
75.51663208007812
79.25328063964844
63.74072265625
62.08940505981445
90.82020568847656
103.51846313476562
84.60884857177734
90.46171569824219
52.1466178894043
92.6993637084961
55.505313873291016
71.57049560546875
50.06388854980469
52.716556549072266
105.42703247070312
64.94412994384766
81.85466766357422
78.66972351074219
82.09707641601562
82.89285278320312
89.21245574951172
81.76260375976562
85.87712097167969
55.3625602722168
67.74339294433594
98.89144897460938
133.69041442871094
75.00100708007812
63.86426544189453
44.61324691772461
58.89097213745117
84.3602294921875
59.002655029296875
69.70242309570312
82.48690795898438
81.7357177734375
67.20968627929688
98.9623794555664
111.39845275878906
78.61664581298828
71.00554656982422
84.59756469726562
68.89582061767578
83.95448303222656
55.179710388183594
58.20718765258789
69.91072845458984
94.0947494506836
99.94699096679688
47.34527587890625
69.65479278564453
64.45879364013672
76.87225341796875
46.59737014770508
90.88719940185547
72.83332061767578
77.85765075683594
78.49850463867188
66.53311920166016
59.236942291259766
66.2813949584961
108.13677978515625
72.04027557373047
87.38660430908203
54.72874450683594
90.19737243652344
57.67210388183594
51.85610580444336
66.82413482666016
100.38252258300781
45.307647705078125
58.815399169921875
73.1865463256836
75.10807037353516
74.75932312011719
70.89656829833984
85.76863098144531
60.825008392333984
81.31851196289062
74.73824310302734
49.673622131347656
78.77845001220703
79.55303192138672
87.9151382446289
66.5956039428711
52.673301696777344
94.1380386352539
98.8588638305664
76.84272766113281
73.19400024414062
100.15990447998047
67.61333465576172
92.93492126464844
73.31607818603516
65.49111938476562
51.746726989746094
56.316524505615234
93.4170150756836
91.90196228027344
55.115055084228516
100.10955810546875
69.01526641845703
54.22936248779297
86.8645248413086
108.40608978271484
84.5475082397461
95.74720764160156
64.96453094482422
68.63642120361328
73.90377807617188
69.5362319946289
115.95575714111328
59.823944091796875
71.5115737915039
79.81758117675781
72.07340240478516
68.89948272705078
89.53900146484375
78.06343078613281
67.27465057373047
94.30870056152344
66.47557830810547
62.06196594238281
56.27408218383789
47.16071701049805
91.45783996582031
63.66279983520508
87.79898834228516
93.4639892578125
77.88330078125
64.9863510131836
62.13318634033203
67.59365844726562
79.98558807373047
59.49264144897461
54.387271881103516
73.47846984863281
56.68306350708008
94.83245086669922
70.81375122070312
77.43058776855469
81.61876678466797
69.25606536865234
66.96092987060547
85.6039047241211
71.4217529296875
80.70147705078125
95.58460235595703
96.10778045654297
77.75679016113281
64.80465698242188
59.758602142333984
52.944557189941406
88.14085388183594
74.57738494873047
49.882469177246094
71.64044952392578
66.81187438964844
56.15625762939453
83.19065856933594
78.34331512451172
62.83940505981445
56.58552551269531
76.1749038696289
99.7999496459961
87.74421691894531
61.64088439941406
69.44937896728516
62.84288787841797
50.112220764160156
60.684627532958984
90.48881530761719
92.72901153564453
50.394588470458984
86.69103240966797
78.60649108886719
70.69539642333984
73.6909408569336
32.663787841796875
80.18975067138672
72.44866180419922
88.95774841308594
102.10894775390625
60.49686050415039
77.13878631591797
55.15932846069336
67.92381286621094
63.000938415527344
87.29463958740234
87.43555450439453
78.78532409667969
81.98271942138672
44.54729461669922
81.57101440429688
73.29021453857422
50.08370590209961
67.67072296142578
89.42445373535156
58.27177047729492
64.36801147460938
55.68225860595703
82.43511199951172
122.54493713378906
78.15878295898438
70.3936996459961
64.68611907958984
99.22501373291016
74.27005004882812
84.44712829589844
100.48181915283203
103.46068572998047
95.04032135009766
81.2652359008789
96.692626953125
63.08096694946289
59.850189208984375
99.1160888671875
74.78506469726562
69.84780883789062
73.17572021484375
44.17084503173828
104.39353942871094
77.57298278808594
70.02325439453125
78.18746185302734
86.56499481201172
103.19905090332031
77.25406646728516
54.516143798828125
67.1884994506836
85.52886962890625
62.347564697265625
76.54896545410156
77.57250213623047
64.03285217285156
87.5589828491211
90.62369537353516
66.88053131103516
69.18598175048828
66.2065200805664
63.31468200683594
86.24436950683594
103.71131896972656
59.08390426635742
85.25910186767578
88.60617065429688
51.9862060546875
80.12669372558594
72.52349090576172
79.87039184570312
60.426063537597656
65.22737121582031
49.94524383544922
87.47964477539062
96.73435974121094
87.81914520263672
97.28907012939453
75.24636840820312
46.09634780883789
91.02298736572266
61.6496696472168
53.31035614013672
55.521507263183594
44.95004653930664
78.75395965576172
103.79857635498047
70.6825180053711
75.34447479248047
97.5566635131836
70.1040267944336
56.57395935058594
64.664794921875
60.326927185058594
78.10880279541016
74.01564025878906
82.62311553955078
55.304969787597656
86.52192687988281
65.67677307128906
64.0478286743164
65.1150131225586
55.73847961425781
87.22339630126953
73.23758697509766
87.09687042236328
95.5336685180664
59.0694580078125
51.87166976928711
77.15653228759766
43.182228088378906
78.97633361816406
103.9256362915039
69.86651611328125
53.0781364440918
67.27374267578125
59.62518310546875
58.63276290893555
81.67223358154297
62.24767303466797
104.21932983398438
70.11389923095703
78.4432601928711
71.6322250366211
82.7906494140625
77.76146697998047
60.714454650878906
63.18478012084961
81.20674896240234
70.53982543945312
77.8065414428711
101.4059066772461
74.74415588378906
83.97122955322266
81.19654846191406
100.50526428222656
104.39512634277344
97.52894592285156
87.28809356689453
98.48155212402344
85.44389343261719
72.87205505371094
64.5916748046875
58.513153076171875
79.2828140258789
79.60182189941406
51.0166015625
58.384368896484375
73.82518005371094
60.94678497314453
70.83682250976562
52.6331787109375
85.5207290649414
67.76130676269531
69.81474304199219
65.7962417602539
53.15169906616211
72.59976196289062
49.33567810058594
85.87352752685547
73.76451873779297
63.10236358642578
96.3250732421875
67.1123275756836
68.38782501220703
71.7808837890625
78.06473541259766
63.94027328491211
60.32701873779297
104.6834716796875
101.73924255371094
65.25477600097656
62.4425048828125
94.6144790649414
76.16786193847656
123.0453109741211
49.50431442260742
66.17932891845703
122.67539978027344
63.25584030151367
58.43314743041992
66.32431030273438
61.672210693359375
91.06996154785156
75.10028839111328
103.36517333984375
88.36834716796875
66.00897979736328
75.2431869506836
80.31651306152344
66.50055694580078
78.0200424194336
65.51345825195312
64.6331558227539
50.50295639038086
105.82841491699219
90.66181182861328
80.92098236083984
70.74150085449219
84.29293060302734
63.71490478515625
60.801185607910156
74.3758773803711
90.98301696777344
87.67333221435547
45.320281982421875
93.12425231933594
68.83210754394531
82.61087036132812
60.63301467895508
64.99241638183594
86.24418640136719
66.06304168701172
76.30071258544922
46.94963455200195
98.7480239868164
62.721839904785156
90.30577087402344
65.75220489501953
76.63751220703125
69.56002044677734
105.99693298339844
95.94225311279297
52.24364471435547
85.38834381103516
74.87934875488281
50.236351013183594
67.10874938964844
55.38145446777344
70.5865478515625
44.534568786621094
81.1357421875
65.05970764160156
73.73389434814453
92.12046813964844
99.65560913085938
92.02375793457031
75.9621353149414
84.34355926513672
69.11943054199219
74.2364273071289
75.66427612304688
71.8872299194336
75.68193817138672
78.39339447021484
86.1045913696289
81.74610900878906
85.26666259765625
81.15299987792969
80.40558624267578
84.44640350341797
84.7108154296875
67.48116302490234
66.01219940185547
87.88058471679688
58.22578048706055
82.17830657958984
63.311912536621094
63.689327239990234
89.51802825927734
89.91666412353516
107.52684020996094
53.467529296875
87.44002532958984
43.122440338134766
62.866859436035156
56.82474136352539
56.51072311401367
74.68701171875
72.09911346435547
43.951541900634766
61.408267974853516
68.83560943603516
67.42217254638672
66.6335678100586
47.041107177734375
65.08500671386719
72.29475402832031
55.20498275756836
52.44456100463867
44.945396423339844
75.2742919921875
54.22073745727539
100.50943756103516
52.3812370300293
70.9744873046875
76.9144287109375
60.14553451538086
54.9349479675293
92.30319213867188
71.39749145507812
81.12194061279297
43.51667404174805
85.48526000976562
60.25201416015625
67.81449890136719
73.63155364990234
68.29031372070312
49.80745315551758
97.40840148925781
57.114505767822266
65.62644958496094
71.04481506347656
65.1307373046875
62.203800201416016
102.97946166992188
45.20396041870117
62.33391571044922
92.62110900878906
50.79133605957031
91.60179901123047
50.60818862915039
74.26409149169922
68.15921783447266
80.98005676269531
72.89300537109375
78.56263732910156
83.26512908935547
72.37679290771484
100.11418151855469
81.16004943847656
52.847782135009766
57.55659866333008
91.15692901611328
68.72782135009766
66.61952209472656
119.44244384765625
71.63993835449219
90.07434844970703
74.66764068603516
66.060546875
87.96273040771484
60.858524322509766
87.24263763427734
105.94554138183594
57.74213409423828
98.00907897949219
73.95346069335938
54.33504104614258
115.63489532470703
55.473453521728516
116.54161834716797
86.69438171386719
65.49644470214844
68.76890563964844
82.84474182128906
52.891021728515625
67.22298431396484
56.9959831237793
68.1784896850586
48.7816162109375
78.72056579589844
77.451171875
61.65058898925781
67.39208984375
57.95317077636719
76.96027374267578
105.79173278808594
88.41191101074219
79.48052978515625
69.9395523071289
63.60518264770508
80.74454498291016
54.80558395385742
78.91400909423828
81.64866638183594
96.28395080566406
79.57515716552734
96.72871398925781
83.8192367553711
103.90772247314453
59.691619873046875
62.47338104248047
114.3512954711914
88.4862060546875
69.55252075195312
79.98763275146484
101.32127380371094
85.18993377685547
66.73067474365234
66.77599334716797
63.38895034790039
94.80304718017578
83.42962646484375
90.30653381347656
45.83106231689453
66.63912200927734
101.45489501953125
67.92977905273438
63.06545639038086
59.45396423339844
80.24658203125
89.49789428710938
77.50194549560547
66.65962982177734
69.89278411865234
47.39455032348633
75.15861511230469
50.05393981933594
84.42112731933594
66.3085708618164
73.46854400634766
71.25452423095703
53.14756774902344
48.79682159423828
92.85758972167969
73.03347778320312
104.89922332763672
132.8187713623047
77.29420471191406
87.5680160522461
68.40092468261719
72.62946319580078
81.5619125366211
81.6338882446289
65.38431549072266
88.66813659667969
80.34669494628906
51.57014465332031
87.5481185913086
76.03617858886719
45.66044998168945
60.50226974487305
71.88999938964844
70.10853576660156
108.87948608398438
102.39279174804688
83.642822265625
94.60060119628906
87.01891326904297
71.5826644897461
76.990234375
72.45768737792969
57.59101104736328
95.8544692993164
65.02761840820312
50.80299377441406
51.26200866699219
133.89505004882812
73.69244384765625
82.0523452758789
89.50981140136719
66.10627746582031
92.52803039550781
59.285301208496094
76.9630126953125
84.715087890625
60.675453186035156
57.544246673583984
113.68848419189453
61.674442291259766
96.10118865966797
50.31353759765625
110.47652435302734
55.597862243652344
78.64614868164062
73.13762664794922
87.47138977050781
76.82356262207031
67.6789779663086
56.47210693359375
74.50839233398438
69.01124572753906
55.42041778564453
61.59929656982422
68.23760986328125
57.66056442260742
62.78048324584961
75.27838897705078
96.96232604980469
74.52958679199219
93.58116912841797
85.90589141845703
90.35274505615234
113.22058868408203
65.81448364257812
82.11854553222656
70.30300903320312
78.02892303466797
73.22870635986328
74.38835906982422
80.49209594726562
80.386474609375
88.658447265625
51.87272644042969
85.04537200927734
81.19475555419922
72.0243148803711
58.985416412353516
55.52978515625
67.34965515136719
79.85090637207031
114.9713363647461
79.09003448486328
96.32624816894531
48.806678771972656
86.51686096191406
83.40505981445312
58.787479400634766
52.52329635620117
56.537837982177734
69.08892059326172
64.53671264648438
83.91609954833984
71.0843505859375
63.0616455078125
68.47027587890625
104.81105041503906
72.53217315673828
93.69692993164062
51.46422576904297
78.66092681884766
104.68428802490234
61.5341911315918
75.6339340209961
108.18537902832031
64.10502624511719
70.35762786865234
75.6312484741211
79.11279296875
59.7301025390625
70.8321762084961
48.958797454833984
71.1435317993164
101.28599548339844
65.67120361328125
62.3084716796875
74.80587005615234
77.1054916381836
58.05696487426758
79.22700500488281
81.89298248291016
66.05988311767578
80.48309326171875
72.54938507080078
56.31221008300781
42.20532989501953
53.864192962646484
87.84880065917969
66.77274322509766
57.20778274536133
88.24349212646484
52.072357177734375
77.19353485107422
57.30873107910156
83.13695526123047
71.17976379394531
57.92667770385742
91.30842590332031
95.74757385253906
82.74304962158203
96.12466430664062
64.7762680053711
89.94605255126953
73.54313659667969
69.17622375488281
82.33446502685547
64.9776611328125
67.70369720458984
65.83434295654297
92.76837921142578
82.2185287475586
71.87196350097656
91.44549560546875
65.5008316040039
62.3238525390625
60.02376174926758
87.087890625
76.3885269165039
74.6229476928711
73.7971420288086
77.47840118408203
64.9883041381836
65.07664489746094
66.80150604248047
76.8807601928711
80.43941497802734
58.95048522949219
66.1498794555664
54.25316619873047
85.90477752685547
44.03181076049805
93.96745300292969
55.17304229736328
64.898193359375
74.76007843017578
70.5382308959961
88.4263916015625
87.27228546142578
83.83134460449219
58.58506774902344
67.80753326416016
69.53398132324219
66.87892150878906
81.15870666503906
79.35328674316406
53.99238204956055
73.67473602294922
70.39373016357422
66.83515167236328
36.05421829223633
70.28451538085938
69.57801055908203
91.77876281738281
70.28529357910156
106.01165008544922
63.733436584472656
54.745689392089844
62.056243896484375
78.60651397705078
63.96742630004883
82.78048706054688
61.26526641845703
68.25850677490234
75.87532806396484
87.9952621459961
77.14460754394531
63.47236251831055
75.25016784667969
52.08208465576172
82.93177032470703
77.33882904052734
94.87225341796875
70.80826568603516
96.58052062988281
74.16930389404297
76.0036849975586
101.14926147460938
64.11315155029297
47.52764892578125
64.05107879638672
51.70781707763672
83.21717071533203
70.41854095458984
59.52397155761719
67.15825653076172
83.93254089355469
49.20770263671875
94.18167877197266
98.88497924804688
80.2795181274414
50.505985260009766
72.55779266357422
68.12096405029297
55.134037017822266
70.20536041259766
74.019775390625
66.41316223144531
110.82119750976562
65.8858413696289
73.33805847167969
103.91069030761719
72.15804290771484
61.09933090209961
79.9919204711914
44.521488189697266
97.48511505126953
65.29764556884766
77.3765640258789
84.13432312011719
90.8484115600586
63.010459899902344
78.09806823730469
58.31364440917969
82.04998779296875
63.526947021484375
67.13932037353516
69.13809204101562
79.3738784790039
39.235198974609375
66.15300750732422
73.31898498535156
80.88655090332031
88.90836334228516
91.99352264404297
86.72550201416016
57.815757751464844
79.13681030273438
70.7215576171875
62.72163391113281
65.6825180053711
59.995574951171875
145.59832763671875
66.70022583007812
80.83948516845703
96.31808471679688
57.18574523925781
78.57395935058594
130.14837646484375
73.9699935913086
73.90235137939453
68.17539978027344
76.72698211669922
57.566646575927734
47.163780212402344
92.9008560180664
73.38768768310547
109.85911560058594
90.71127319335938
51.76332092285156
75.18538665771484
81.01114654541016
64.14498901367188
50.22785568237305
70.64698791503906
66.9994125366211
52.17007827758789
54.04141616821289
112.4393539428711
81.09394073486328
77.62004852294922
60.85761260986328
78.65348052978516
73.39313507080078
100.00282287597656
73.79029846191406
97.75678253173828
63.750701904296875
82.99302673339844
71.77886199951172
63.15818786621094
47.86332702636719
103.67288208007812
54.80227279663086
128.91490173339844
63.1342887878418
49.318912506103516
85.30317687988281
70.84253692626953
61.5923957824707
69.1477279663086
77.42970275878906
74.03480529785156
90.58930969238281
79.44441986083984
107.19609832763672
68.95510864257812
94.51575469970703
108.78502655029297
70.62955474853516
74.16371154785156
72.82190704345703
66.79867553710938
82.71379852294922
55.1207275390625
82.63018035888672
96.17378234863281
75.615478515625
64.83053588867188
81.7166748046875
116.31968688964844
78.91836547851562
71.20631408691406
47.90971374511719
99.80370330810547
85.40962982177734
50.75080871582031
59.70254898071289
73.49038696289062
65.95669555664062
75.2011489868164
73.32355499267578
92.0909423828125
73.14268493652344
47.48294448852539
94.07374572753906
72.17170715332031
79.71552276611328
88.79206848144531
61.390357971191406
73.97321319580078
47.79902267456055
105.75639343261719
68.91397094726562
79.14898681640625
84.40734100341797
125.58113861083984
81.73528289794922
61.167144775390625
58.935298919677734
64.8638687133789
79.54485321044922
64.70892333984375
96.544921875
54.56197738647461
80.06732940673828
67.2447280883789
69.03526306152344
65.66008758544922
81.1573715209961
79.2965087890625
66.09732818603516
90.43312072753906
54.75920486450195
63.20158767700195
77.79117584228516
55.3210563659668
58.1696662902832
64.27755737304688
51.16897201538086
52.57900619506836
64.39470672607422
115.27230834960938
61.872379302978516
96.54723358154297
66.82350158691406
83.30946350097656
58.30160140991211
57.74927520751953
63.47813415527344
101.05735778808594
85.79595184326172
98.37806701660156
66.9798355102539
75.87286376953125
112.88269805908203
95.74395751953125
73.24751281738281
82.92044067382812
55.00749588012695
110.10020446777344
60.40626907348633
61.979881286621094
67.19546508789062
72.3093490600586
79.5499038696289
49.129337310791016
95.54361724853516
95.935302734375
74.38557434082031
47.519405364990234
62.60392379760742
40.76547622680664
75.78349304199219
75.20339965820312
86.31853485107422
68.66486358642578
79.27918243408203
60.18779373168945
49.039520263671875
96.05554962158203
60.591697692871094
60.23496627807617
59.092506408691406
54.33602523803711
67.15543365478516
73.2928466796875
58.565452575683594
100.1574935913086
64.00650787353516
60.11235427856445
46.71047592163086
52.04891586303711
53.965389251708984
78.6284408569336
69.05481719970703
66.82744598388672
100.64897918701172
55.97707748413086
121.98834991455078
87.00608825683594
124.49395751953125
44.26530456542969
79.88349914550781
59.67916488647461
67.52589416503906
58.638946533203125
52.052467346191406
112.60103607177734
72.83415222167969
74.995361328125
87.95689392089844
83.23287200927734
61.264774322509766
55.024940490722656
58.81971740722656
77.89265441894531
80.30712890625
90.36686706542969
81.55523681640625
89.73430633544922
90.1825942993164
110.78087615966797
74.69392395019531
67.31451416015625
86.01860809326172
42.52702713012695
78.53115844726562
64.62616729736328
121.73893737792969
77.86042785644531
77.51195526123047
75.8607406616211
81.5411376953125
70.35389709472656
81.02759552001953
76.72184753417969
94.03678894042969
55.63816833496094
92.8525390625
60.979984283447266
90.3230972290039
74.56880950927734
64.80734252929688
61.99935531616211
63.74074172973633
121.46363830566406
113.78634643554688
55.27912902832031
53.245906829833984
86.39561462402344
48.493953704833984
97.70943450927734
64.30957794189453
71.59424591064453
72.13067626953125
83.97489929199219
58.671112060546875
77.07733154296875
96.69770812988281
53.09172821044922
80.64749908447266
75.78025817871094
48.48868179321289
77.30177307128906
56.57729721069336
67.04063415527344
53.82263946533203
44.55677795410156
84.71516418457031
75.49845123291016
41.6075325012207
72.9206314086914
85.10321044921875
92.84638214111328
81.33642578125
77.91096496582031
79.80042266845703
66.58901977539062
61.580448150634766
123.42442321777344
79.1305923461914
51.60476303100586
118.84827423095703
79.4023666381836
83.24581146240234
70.91630554199219
87.22686004638672
76.91069793701172
60.89042282104492
73.62995147705078
78.86817169189453
59.087677001953125
95.22518920898438
111.52816772460938
51.99094772338867
93.06002807617188
102.11882019042969
84.89456176757812
91.68096160888672
70.06237030029297
58.99007034301758
68.68893432617188
65.70187377929688
55.26995086669922
79.84529876708984
70.17938232421875
52.88231658935547
68.80795288085938
63.72392654418945
57.01816177368164
78.96004486083984
57.4786262512207
46.77989959716797
60.2563591003418
77.95539855957031
59.598201751708984
55.135520935058594
102.84839630126953
129.3780059814453
78.60079956054688
70.12991333007812
70.06914520263672
66.58987426757812
81.04210662841797
71.5418472290039
58.76811599731445
67.73014831542969
73.88407897949219
65.71849060058594
92.51636505126953
77.76736450195312
86.9521484375
92.90629577636719
101.41304016113281
103.97608947753906
47.283992767333984
60.55443572998047
69.93974304199219
89.58167266845703
57.814727783203125
63.642974853515625
64.46514129638672
91.07916259765625
86.37252807617188
52.472896575927734
87.92304992675781
63.033729553222656
67.90499114990234
105.12091064453125
88.58248138427734
57.98513412475586
80.36190795898438
73.37479400634766
64.52391815185547
66.55811309814453
62.43156814575195
62.18246078491211
89.2060546875
82.6545639038086
68.30625915527344
48.8875846862793
58.328094482421875
66.65434265136719
79.98141479492188
75.02976989746094
62.70539855957031
45.70588302612305
77.31524658203125
67.42320251464844
60.03036117553711
92.36470031738281
106.5015869140625
76.76605224609375
74.0223388671875
86.77616882324219
94.6494369506836
57.32610321044922
44.589881896972656
76.43708801269531
91.03449249267578
50.60881042480469
105.15584564208984
92.14384460449219
57.19647979736328
52.93937301635742
114.67018127441406
55.43754959106445
78.83063507080078
71.16309356689453
40.96760940551758
49.68973159790039
79.8676528930664
93.40740966796875
57.88236618041992
87.15918731689453
73.5798568725586
69.20480346679688
89.9917221069336
104.42390441894531
100.93077087402344
48.3867301940918
81.53175354003906
56.916446685791016
65.17674255371094
76.67911529541016
54.655094146728516
57.339271545410156
87.05891418457031
74.70919799804688
85.67691802978516
86.90079498291016
84.46834564208984
84.18576049804688
63.33229064941406
78.3494644165039
98.1161117553711
79.46202087402344
95.43675994873047
86.08271789550781
68.37419891357422
72.9971694946289
71.10143280029297
95.14417266845703
59.54316711425781
66.23487091064453
97.72748565673828
51.834739685058594
46.67055130004883
58.889381408691406
104.01527404785156
69.90955352783203
102.7313003540039
61.314395904541016
88.48869323730469
64.08181762695312
53.18363571166992
83.72743225097656
91.47180938720703
76.14415740966797
68.60906219482422
120.75704193115234
83.65160369873047
61.870304107666016
87.4549560546875
85.29414367675781
74.71891784667969
69.18345642089844
68.46842956542969
78.1151123046875
56.82870864868164
68.2472915649414
79.36300659179688
61.913082122802734
43.73552322387695
94.4134521484375
66.7965087890625
52.91741943359375
50.58651351928711
97.91504669189453
54.54197692871094
86.22406005859375
57.86129379272461
88.26756286621094
53.57631301879883
76.70764923095703
73.56278991699219
48.216434478759766
62.879188537597656
75.61722564697266
47.637306213378906
72.2747573852539
58.34034729003906
74.86102294921875
94.6415786743164
80.33415985107422
74.99090576171875
66.79875946044922
112.42322540283203
89.9830551147461
88.30659484863281
75.08580017089844
58.78535842895508
85.6993179321289
99.50797271728516
72.58676147460938
47.82001495361328
45.56087112426758
78.32510375976562
73.70117950439453
61.731956481933594
67.13360595703125
47.297393798828125
77.46969604492188
55.16181564331055
83.94746398925781
80.8111801147461
52.690006256103516
48.12451934814453
57.020591735839844
57.86149597167969
66.13739776611328
96.5782470703125
56.49839401245117
45.60208511352539
67.24323272705078
101.9652328491211
42.741966247558594
87.89899444580078
52.911346435546875
85.8111801147461
67.78931427001953
86.93714904785156
89.08411407470703
65.40361022949219
86.76653289794922
54.17406463623047
65.95734405517578
46.89330291748047
52.776641845703125
148.768798828125
65.85954284667969
65.85580444335938
79.51609802246094
61.06618881225586
69.14476013183594
53.49003219604492
88.23674774169922
108.77104187011719
73.04985046386719
74.40252685546875
87.87145233154297
81.97014617919922
51.146385192871094
64.61316680908203
93.32269287109375
49.17711639404297
60.48323059082031
82.47123718261719
78.7107162475586
60.308475494384766
60.306312561035156
39.7549934387207
102.53644561767578
83.65922546386719
87.3525619506836
64.253662109375
59.7288932800293
60.94808578491211
61.83156204223633
95.98026275634766
81.06482696533203
79.70887756347656
85.8048324584961
58.083045959472656
81.87017822265625
79.94924926757812
78.0615005493164
86.38384246826172
83.52255249023438
46.192142486572266
74.51988220214844
118.8455581665039
74.42017364501953
107.59883880615234
115.60122680664062
68.02705383300781
47.91489028930664
75.60155487060547
79.69928741455078
66.67036437988281
88.53494262695312
60.60142135620117
92.88047790527344
95.87104797363281
64.3056640625
98.63838195800781
73.51179504394531
63.568763732910156
68.29925537109375
67.9378662109375
48.97835159301758
71.01786804199219
72.28889465332031
72.918212890625
138.0194549560547
92.16908264160156
65.5983657836914
83.7848892211914
57.532684326171875
71.10811614990234
64.86139678955078
71.20928955078125
46.726558685302734
63.723594665527344
55.83479690551758
80.1894302368164
58.17816162109375
87.78147888183594
79.59931945800781
62.12843322753906
74.2533950805664
65.83979797363281
90.69076538085938
130.75933837890625
95.97798919677734
96.33731079101562
70.22195434570312
61.00181579589844
51.652992248535156
63.73991775512695
54.140384674072266
52.847694396972656
65.25333404541016
71.10955047607422
103.21834564208984
67.34661102294922
57.204891204833984
87.41255950927734
51.99062728881836
57.5448112487793
79.54584503173828
60.14409255981445
58.07329559326172
83.29742431640625
68.36304473876953
58.45001983642578
96.83367156982422
89.84888458251953
86.5237808227539
44.65668869018555
93.76480865478516
71.9172134399414
64.95310974121094
57.81993103027344
56.95888137817383
81.34744262695312
61.533660888671875
73.62537384033203
82.18255615234375
73.76216125488281
74.75310516357422
44.927215576171875
67.28829956054688
52.5184440612793
85.44905090332031
68.57416534423828
82.3625717163086
67.08843994140625
89.2828369140625
87.48291015625
99.69409942626953
91.17581939697266
69.61170959472656
69.4592056274414
81.13108825683594
59.815486907958984
75.53386688232422
66.16734313964844
83.5526351928711
58.03546142578125
73.3177490234375
93.88147735595703
64.14055633544922
54.77325439453125
67.46894073486328
100.18798828125
98.10554504394531
111.70708465576172
73.24345397949219
59.261898040771484
82.47317504882812
72.28919219970703
96.49032592773438
93.52163696289062
81.9838638305664
73.29741668701172
79.77043914794922
68.83837890625
57.31093215942383
92.29376983642578
81.34306335449219
89.42525482177734
95.9498291015625
72.66738891601562
79.0430908203125
75.86715698242188
90.87940216064453
56.48660659790039
75.43682861328125
79.25824737548828
54.11293411254883
104.54364013671875
49.98126220703125
82.271484375
84.47550964355469
71.37068939208984
72.95157623291016
67.35650634765625
96.9855728149414
92.62126159667969
85.08442687988281
69.42945098876953
91.54240417480469
72.78528594970703
88.23663330078125
93.04656219482422
86.33753204345703
76.47931671142578
53.082420349121094
65.10162353515625
96.94612884521484
63.494014739990234
103.8191146850586
93.85179901123047
81.52546691894531
51.636470794677734
87.96141052246094
69.62350463867188
98.7072982788086
55.83698272705078
67.79900360107422
72.53775024414062
79.750244140625
86.36799621582031
81.679443359375
67.53486633300781
58.835628509521484
80.78491973876953
68.4311752319336
81.53289794921875
59.47954177856445
75.12579345703125
72.52103424072266
82.21336364746094
52.00243377685547
62.35193634033203
62.38601303100586
74.58880615234375
71.4554443359375
59.351234436035156
88.92233276367188
48.285091400146484
86.10063171386719
58.822181701660156
58.32522201538086
68.79141998291016
95.42833709716797
78.79708862304688
80.09022521972656
101.11904907226562
93.3084716796875
66.01456451416016
72.6013412475586
87.3629150390625
76.76185607910156
67.08158874511719
90.635009765625
91.3603286743164
75.63075256347656
64.49929809570312
64.18550109863281
70.65239715576172
73.6686782836914
68.30387878417969
68.98042297363281
69.05521392822266
44.407676696777344
67.59559631347656
64.88861083984375
99.344970703125
54.40708923339844
57.94648361206055
60.346622467041016
68.34906768798828
94.92002868652344
72.36683654785156
53.205467224121094
91.41339874267578
117.47428894042969
73.01030731201172
48.13710403442383
79.25308227539062
50.94580841064453
67.60709381103516
80.15750122070312
79.05191040039062
63.16730880737305
63.79808044433594
67.69470977783203
65.19215393066406
89.20758056640625
66.79013061523438
53.45497512817383
84.8355941772461
62.002838134765625
70.69581604003906
102.34223175048828
68.45378875732422
90.263427734375
68.6057357788086
62.053794860839844
59.979557037353516
74.349365234375
77.49449920654297
91.51972198486328
104.25089263916016
54.827049255371094
81.72441864013672
85.2839584350586
103.1126480102539
78.9072036743164
54.029266357421875
81.84049224853516
81.1268081665039
59.380313873291016
79.14885711669922
75.79822540283203
90.89472961425781
77.77924346923828
68.6076889038086
54.75300216674805
81.69863891601562
64.22753143310547
61.075077056884766
104.30240631103516
104.29022979736328
81.15385437011719
66.16688537597656
54.845497131347656
74.33139038085938
68.43682098388672
85.375
71.25408172607422
52.8688850402832
53.40788269042969
113.94692993164062
98.53179931640625
65.11463165283203
68.83061218261719
63.78025436401367
71.54999542236328
75.14643859863281
70.01714324951172
57.323028564453125
67.99851989746094
55.64693832397461
74.81795501708984
111.35238647460938
83.99659729003906
86.21330261230469
61.934364318847656
77.61487579345703
102.08161163330078
74.46320343017578
83.51634979248047
54.995872497558594
66.22969055175781
83.86007690429688
90.25907897949219
83.55025482177734
55.912845611572266
59.54034423828125
78.75586700439453
72.60661315917969
73.07058715820312
105.3171157836914
48.600460052490234
56.43030548095703
90.59342956542969
60.769012451171875
74.42852020263672
75.17493438720703
67.49189758300781
82.1205825805664
73.06755828857422
81.07513427734375
88.54451751708984
52.274044036865234
68.2154312133789
94.83856201171875
101.58940887451172
80.60973358154297
53.020164489746094
81.19660186767578
57.15718460083008
62.32390594482422
94.07003784179688
78.19754791259766
97.923095703125
73.0715103149414
68.55132293701172
64.601806640625
84.10499572753906
69.73867797851562
99.9819107055664
65.42555236816406
46.92783737182617
62.67239761352539
80.19779968261719
58.37358856201172
81.18126678466797
77.89266204833984
41.01149368286133
52.491355895996094
73.51632690429688
68.08113861083984
87.06692504882812
97.7367935180664
73.44207763671875
67.91606140136719
77.74652862548828
107.7850112915039
60.554344177246094
82.97555541992188
54.885318756103516
88.42168426513672
68.7456283569336
63.14216232299805
59.46417236328125
94.65900421142578
68.82476043701172
102.31775665283203
81.22586822509766
64.45709228515625
97.041259765625
61.794620513916016
58.31346130371094
57.097450256347656
63.091529846191406
104.22549438476562
44.384891510009766
69.97816467285156
60.25406265258789
79.33897399902344
64.70948791503906
67.8667221069336
75.77964782714844
98.26372528076172
91.3174057006836
66.60313415527344
71.64484405517578
83.64972686767578
63.56643295288086
75.75843811035156
79.51140594482422
102.58711242675781
84.8428726196289
76.43810272216797
74.48001861572266
62.96257019042969
49.13421630859375
52.349586486816406
66.2467269897461
72.82740783691406
76.04143524169922
47.335601806640625
61.241363525390625
88.64885711669922
79.78187561035156
73.7021713256836
77.64691162109375
108.08458709716797
73.4476318359375
73.63528442382812
46.190895080566406
72.12387084960938
87.74424743652344
68.06478118896484
76.43085479736328
57.160152435302734
91.94422912597656
56.34951400756836
65.48947143554688
81.1383056640625
77.73014068603516
57.07649230957031
61.54867935180664
120.74108123779297
52.54496765136719
71.59442138671875
96.89559173583984
57.05107498168945
84.31299591064453
87.11843872070312
68.29481506347656
95.08406829833984
101.49807739257812
99.03263854980469
88.0990219116211
87.79020690917969
57.14487075805664
81.65008544921875
65.07672882080078
79.01769256591797
66.24977111816406
80.94304656982422
50.47703170776367
53.983455657958984
106.55624389648438
68.40341186523438
85.6251449584961
88.97647857666016
64.55350494384766
62.931007385253906
66.51497650146484
102.37781524658203
105.9009017944336
77.03070068359375
80.29188537597656
50.842567443847656
64.62393951416016
71.3329086303711
78.06844329833984
68.34473419189453
82.36064147949219
47.70933151245117
65.11328887939453
72.43820190429688
100.16107177734375
56.84854507446289
64.00386047363281
68.40519714355469
54.317562103271484
67.85856628417969
77.86048126220703
88.68586730957031
79.70848846435547
69.31825256347656
97.6598129272461
31.23007583618164
58.358394622802734
73.17277526855469
73.22256469726562
143.0113983154297
40.959007263183594
78.8001708984375
94.0031967163086
74.94894409179688
56.881996154785156
76.60059356689453
68.87594604492188
66.90052795410156
52.07364273071289
110.67117309570312
63.89314270019531
87.86939239501953
57.11782455444336
49.826332092285156
70.7375717163086
98.85470581054688
56.11383056640625
87.12422943115234
65.32902526855469
71.27664947509766
54.93461608886719
59.09598922729492
65.21267700195312
54.19563674926758
63.90460205078125
77.01683044433594
63.14314651489258
81.12367248535156
66.2115249633789
125.03857421875
74.41780090332031
107.10762786865234
71.06990814208984
102.81499481201172
55.73590087890625
76.35243225097656
98.57221984863281
102.53028106689453
76.38683319091797
94.18907928466797
92.83604431152344
81.21988677978516
52.73671340942383
83.67388916015625
88.9559097290039
58.24594497680664
42.19615936279297
65.2802963256836
57.103599548339844
98.66148376464844
62.70540237426758
69.76521301269531
84.98137664794922
63.49946594238281
82.65705871582031
65.97897338867188
78.99018859863281
77.12342834472656
95.57776641845703
64.45272827148438
85.48086547851562
62.354766845703125
77.55669403076172
75.4715576171875
83.23579406738281
75.68517303466797
58.82569122314453
79.64075469970703
74.52367401123047
67.20333862304688
72.23303985595703
57.00813674926758
63.220008850097656
72.77867889404297
47.49121856689453
68.72172546386719
107.95293426513672
118.7845687866211
60.96154022216797
70.33686828613281
66.41094207763672
