0.27518485349628463
0.3053873297664609
0.43934778158677545
0.42355942986144157
0.5558999473287258
0.5699007875735163
0.6672076471149921
0.6384880847863315
0.6913562833858578
0.7621383478576718
0.5978970778751318
0.6031849187451144
0.6278676061113657
0.6588462762731524
0.6205001398736272
0.7001232039956449
0.5919426328694044
0.6406258508998235
0.4427831473740014
0.6870222238558199
0.6348205567128176
0.6309297389157109
0.37812078347900524
0.5332041639180858
0.4139706384978581
0.5979484046438301
0.49301284458971395
0.48427992594791647
0.5521621232795724
0.5874900325300132
0.39294990951700015
0.5162569199514735
0.3982657529690883
0.7995171579532325
0.6761335393875925
0.44742577204988265
0.5976526954627843
0.43091664916852324
0.6161140489275567
0.5069654488774802
0.5762099411163035
0.5508500520076609
0.6537561567381545
0.555822915560725
0.8374060895293951
0.5157684360287931
0.811025836682802
0.6800387949306241
0.8106413679197431
0.829807169502601
0.5225932672911426
0.7712591970339417
0.6869767628115824
0.6572323134412272
0.6401223782547731
0.3735344983367668
0.6393347655248363
0.6765548859839328
0.6411270064980386
0.4238236000537654
0.6701067304238677
0.741408116723278
0.7802572369109839
0.8712967447936535
0.5654103112623261
0.3498708873083416
0.7211595897022107
0.7431373746894394
0.6844005029176969
0.6462721350571883
0.7073071757289995
0.46170978054622935
0.5775128986151685
0.6232151225617599
0.6558853985450241
0.7954368928913027
0.35856035667214314
0.7312804088301164
0.7178515376544965
0.6970227419383264
0.6766257302150507
0.6943940083954203
0.7198533911948743
0.6715954892279115
0.614092874022738
0.734450354022556
0.5653840413027638
0.6330219343931276
0.7521304944530129
0.5861126960718366
0.6065897424809918
0.18062561660190113
0.3047824620573465
0.569485382291532
0.6083993515621842
0.4994838394557064
0.8043848141096532
0.7345929718576372
0.8570896023884416
0.6223162319936364
0.30758922613750883
0.5209613951604979
0.7558852196671069
0.6260724805251812
0.5088016068789329
0.6541739463673366
0.829472922720015
0.5058345443951566
0.7757944362986109
0.6200503249765461
0.758616968523711
0.45513173661856854
0.6075725359842181
0.4344443697840461
0.45427963371651003
0.6899685736279935
0.5729005846303608
0.330771041112655
0.6737474787132669
0.6893938405544304
0.5134045231127402
0.7475844628047525
0.44234939106382853
0.8497473439201713
0.475704357244922
0.39942840635106336
0.8069558134302497
0.6232058611058164
0.6617839981117868
0.6266485701121383
0.6596401916756349
0.3567714617994966
0.7611557784257457
0.6434429337359688
0.5949318770726677
0.4661026369303727
0.8078854418206447
0.6810941560424908
0.3518711957971732
0.6037376044479288
0.6314090613127519
0.6172952434503713
0.8304372252896428
0.5181657707967133
0.7220519126713043
0.5761495137771817
0.442780732959136
0.6601442144019529
0.5284299296990866
0.6546242871262393
0.7481177533045411
0.46278883525064884
0.6484233401597521
0.7253589877177831
0.6928327098949012
0.8097466262215676
0.5695324045690313
0.4196089237107117
0.7998966693412513
0.6119977401780261
0.8121544932946563
0.4063501430189831
0.5995994770734967
0.5024007921383777
0.6562982127591113
0.6225485540445561
0.6157799392265986
0.7178004385486929
0.5037403425917546
0.3901424365611206
0.6865285956300795
0.8074168274179101
0.6819290301833689
0.32156612834224063
0.6841660074437641
0.7656930591911077
0.5427757506975013
0.5326162377627952
0.6058488021564017
0.5142117784420321
0.4996928172513435
0.7967285836475639
0.6484079555431208
0.7692769347004287
0.6864908387115065
0.7131857762578875
0.797615630319342
0.845882975962013
0.6403895070832277
0.7177632262887528
0.5309628736370087
0.8050223085301695
0.7321931185433641
0.8290633652359247
0.5113418637311042
0.22846312808349012
0.7009461408260904
0.7418940698553342
0.6990100825812533
0.48445231945834166
0.6312271727147163
0.6910917502223128
0.5498971495444493
0.6401176464723903
0.8805704386904836
0.6829112629663996
0.7116933322977275
0.8948440020903945
0.8255330104711902
0.7006221643935078
0.6787664328171559
0.6336655669292668
0.6146232032709236
0.6371323861008023
0.5663354527862339
0.6193420805136611
0.5660192248124076
0.5437905292376399
0.5650916887310586
0.46972148310135253
0.7192516194768359
0.8169734604016412
0.4921966129466
0.6602698236965807
0.36061020632405416
0.7163779030588557
0.5076946299581095
0.47495323708380965
0.5906907126718579
0.5457953947295948
0.48968111877125864
0.7637229301035404
0.582900365428884
0.7616505911573768
0.8945407783612609
0.581778881023638
0.4569732338150061
0.6749204210627795
0.5092197453775498
0.5018790071826515
0.7955486229839153
0.6518023644462119
0.5472452778512888
0.7507070731039676
0.12465845787744456
0.776577648735838
0.8886886490508914
0.8021784252487123
0.7502651021050042
0.5610348629079454
0.6644658211753267
0.6706050660468463
0.4525714990229517
0.6295932303473819
0.7309177350657592
0.7188670335340248
0.6380925933524395
0.7115770399955181
0.6493375839236251
0.41415544073553434
0.6286960844499845
0.7233419849071652
0.445085826222936
0.4347987804330842
0.653102387866511
0.835172747292745
0.5171540045344045
0.6819220780162141
0.5770143294874401
0.5621352745056356
0.8303274586796761
0.8394633858697489
0.6837745528609958
0.6764364452390055
0.6878731713004527
0.7918913522735238
0.42166970142773863
0.7075512108890507
0.6196863656540472
0.5987049425857549
0.1957785653934252
0.6140074591594384
0.38655449608745585
0.4942875268304192
0.6389428226616474
0.4357747333131101
0.45676128474269717
0.32816812469263823
0.5990406395030732
0.6794664682820439
0.6392682821619928
0.638793142972645
0.6903619299529282
0.6368537930875391
0.8576391777023673
0.4871612148361919
0.8880673609673977
0.4331678993476089
0.4471580669571722
0.8173151463270187
0.7165286224826559
0.7312299775076099
0.6563822986095147
0.655729263385183
0.5364274383716747
0.4821946960873902
0.7609074664214859
0.6276447031268617
0.8098247465677559
0.5565222278237343
0.4620729453686181
0.4417983231214748
0.738992615177267
0.7540470394305885
0.7866520781144573
0.7404851029446036
0.6549651291607006
0.7158286572951056
0.5654785458409606
0.4939470790886844
0.6335431844718187
0.7345195323305234
0.6630216728167397
0.4195299128565466
0.8429069193080068
0.6440371968642467
0.6146000102778544
0.6218036852032469
0.6171966753136076
0.43043952712741884
0.5498575997471562
0.43246230787963214
0.6253118533818451
0.6760623230870806
0.7070053643110441
0.7805969722103328
0.6992220366737456
0.5841009055666291
0.5810899245043402
0.7427728253055648
0.4887899224556804
0.7903992043889048
0.5558835140825522
0.5854265218679302
0.8310188113246113
0.6513701684498301
0.5838253634341868
0.7247886563336579
0.6474511212663856
0.544405356430957
0.43139394525735497
0.47892144267098047
0.6930212235961335
0.34423129702463484
0.4215222953657758
0.72631847224784
0.49659465425429516
0.7753513423740515
0.8140424778684974
0.6939766407431307
0.5441029192861606
0.8219049233011901
0.8178674359805882
0.6213257445069758
0.578911340073887
0.7780844844719468
0.6349913561716676
0.6644164481053849
0.7714740810915828
0.4685956620367051
0.6566808312879857
0.6100447292501485
0.6270825502492698
0.7819711709390731
0.6999257655794509
0.40114630668301743
0.7930811892729253
0.739552449198527
0.6181267306742484
0.6160741547364523
0.34948005655132874
0.6942134848795831
0.7631145012564957
0.42043107285780934
0.5132856188283768
0.43746570750408864
0.2840575517860202
0.5645991289420635
0.6914738554041833
0.4132744252460725
0.7136902550701052
0.5373879597873383
0.41643487703322535
0.5338624898763555
0.8136308891698718
0.7874836013652384
0.7199087191838771
0.7589972940040752
0.3160773929055267
0.40066024899374497
0.8321090806275606
0.6770309624607762
0.4854700661944662
0.6162980975723258
0.3137040678248013
0.49630202158095926
0.34794666483821857
0.4147396746780032
0.4443559649789677
0.565699327468792
0.38241908484178566
0.43448428088822766
0.60665906647273
0.2732783656965694
0.6667031935503474
0.4847781147984733
0.49618596858681485
0.4284047841501888
0.5850304511750437
0.769985927734524
0.5868803965768166
0.7923417196125229
0.6635547159905855
0.4813616277208439
0.6525081266099733
0.5238690317717101
0.5001713295455374
0.7109937323257327
0.5943489137571305
0.6791145838787997
0.6658281121574419
0.7416375610046089
0.6517203820403665
0.8609415199607611
0.5890899794441111
0.7894979073553259
0.40963622011372536
0.5280626977828433
0.6158973692686232
0.669418683423828
0.21471975350110029
0.3716784000421285
0.7169715636409819
0.5286022882401085
0.6999586476013064
0.5163585991085711
0.579416379315262
0.4354165064642075
0.49738077328470354
0.7378940158523619
0.604971667510199
0.6842508143745363
0.7153664581023804
0.7866529087768868
0.5603739974867494
0.375053951087466
0.6414477382159021
0.7394275809638202
0.5407816787460433
0.5333920187122203
0.7094602298457175
0.5241656364232767
0.6445239863060124
0.6650998324532793
0.7010303126589861
0.7629980833053196
0.6621654693149139
0.6433573318802246
0.6890198900364339
0.7754933561664075
0.5714563690125942
0.6692428265232593
0.40197215445459733
0.7265939996577799
0.74585439870134
0.6100644543093949
0.26843238498577193
0.5944339194511485
0.6207835755301403
0.7575746854172394
0.5790480040777766
0.564941982178425
0.438754950495877
0.6439900706218395
0.7633320908598762
0.7331873970106244
0.7118637329760986
0.7902228431776166
0.5544744897374585
0.6404072845198243
0.6343335241599561
0.6251915775629868
0.7718088394030929
0.662201530500738
0.636874483048814
0.8214757591485977
0.69451266021224
0.4643527098089635
0.690556247418499
0.5672161885440801
0.6065313182789396
0.754551456309855
0.6158041972748833
0.6108979262444336
0.37297817594662774
0.7732915782253258
0.6608757375947789
0.6995417015659768
0.7238252325296344
0.5464166105000459
0.6109971695041168
0.394149689012238
0.5811290322981222
0.6924434311804362
0.6498782394920113
0.4590377641707164
0.4253699144210259
0.6297137575725174
0.603449091139737
0.8013333027483895
0.8703316133469343
0.5474175684834108
0.6468316982745819
0.6052329332196678
0.6222311198362149
0.5047385755606228
0.5214631499889038
0.6758216211555919
0.532567135897807
0.48912173297310346
0.4305975948436753
0.7375542013905942
0.7847150657325983
0.5480854143415854
0.6410492680106472
0.5035674629525602
0.6688019169960171
0.4771328249862563
0.5996333129951381
0.5605688301329792
0.7086159780374146
0.6905765058472753
0.7648671155329794
0.5950841069213766
0.5191675138722758
0.42593180728181324
0.7230513350914407
0.4972437409851409
0.640311460940211
0.7763519305735826
0.4467952841087026
0.7818137581600695
0.8176922854036093
0.5868455122731575
0.7593074482865632
0.7156334568171587
0.6086358399670644
0.41715748548767806
0.8285031588748097
0.8394183870404959
0.616612547423756
0.482394319907371
0.7780207684795641
0.46459214587139286
0.6909205848351121
0.7830847781151533
0.46716532207847195
0.6308622761061997
0.6668042401161074
0.6286132573459327
0.49839918333464084
0.7629272591857443
0.7484530099027324
0.49533384159859395
0.4393475762910839
0.360801490729898
0.6376328900223598
0.4478435529726994
0.5657265867471324
0.6349938436760567
0.7345472909510136
0.7800246449187398
0.8297928674146533
0.4527222426800108
0.6727532308432274
0.661384202674526
0.38288175543357283
0.4702356403186059
0.5700123602900931
0.38934188556231675
0.7266345992684364
0.6149856074684976
0.7291197765916877
0.8259902102872729
0.628674884848806
0.8397860459517688
0.5810257223843109
0.3830533913924228
0.7820870862378797
0.8771526217460632
0.43411101971764765
0.8323357738554478
0.6193546150461771
0.6337834548484125
0.7009984289761633
0.6634532912230497
0.7450012166518718
0.6011357167844835
0.6393109984967396
0.7417657347396016
0.5355664377229914
0.5635401753188489
0.7262115369085222
0.6866078854582156
0.8178834742866457
0.5091192304739707
0.804573976820393
0.5630410900776042
0.5294387854346496
0.5294453078904553
0.35074469426308497
0.6593908909744641
0.5162637102912413
0.7346121636292082
0.37599634097568924
0.777694656571839
0.4063520551835609
0.5938606566191993
0.6566113244043663
0.38354128663740994
0.7964777173474431
0.7172766467556357
0.7405155943706632
0.8255545329302549
0.4837096638220828
0.6652956363025169
0.8491804650984704
0.3742347414105893
0.3869146548349818
0.6857038967555127
0.6588680941495113
0.5270376201842737
0.5454522023410391
0.544006869252371
0.7685991864127573
0.7511628441817493
0.821479132398963
0.3781149157694017
0.4490219165004561
0.3037615725561409
0.4805768640489987
0.5611039651603278
0.7480634804815054
0.8014523424208164
0.708610526294251
0.8611920922994614
0.40901395215814773
0.5065242116979789
0.6779145273590075
0.4084315588743266
0.7186530427061371
0.7289551529102027
0.6441576611182427
0.6152931142160014
0.7324072760529816
0.5861955226018836
0.509326918885904
0.5380756309936032
0.7556888605467975
0.5048351480345445
0.8155125870835036
0.49892906237255374
0.6248056805263786
0.7008074307232164
0.46375156655813043
0.6642278498570704
0.369246325111817
0.7623048161622137
0.6254042955461045
0.7963103409856558
0.5648061707233865
0.7895359661320072
0.7228003805503249
0.4236782809498436
0.7129207137481899
0.8041351223364472
0.6714263060994199
0.44349682311894867
0.8291286344101536
0.7554648802615702
0.4514195504370946
0.7344840526639018
0.8324449681676924
0.7489571332698688
0.6580146063597567
0.8440321803209372
0.503113382358606
0.7278570230009791
0.6981276068545412
0.7610069113416102
0.7234143417917949
0.481705290688069
0.6209676828257216
0.8552187436725944
0.8480660272762179
0.582161548496515
0.6293492365757629
0.6579549795951607
0.26851161073591356
0.7762608802877367
0.538665907152108
0.7428360521503237
0.6501514883739219
0.66859840422876
0.7904924813192338
0.8092855544009581
0.6364565507824409
0.7997705074958503
0.8027108202222735
0.832802409404394
0.5098359233711562
0.7099193073463539
0.4501935654443514
0.4968006497724673
0.6999418189516291
0.41153518782084575
0.5572049851434713
0.5167144074075622
0.5814124608914426
0.4645408913074789
0.6917260303162038
0.776756051753182
0.6116925548703875
0.6874001998330641
0.24166761883179788
0.36097843069183
0.7884053300358573
0.7274650374893099
0.76124010712374
0.8307286242488772
0.46914102731238927
0.6814440952221048
0.630184044608086
0.4924194770574104
0.5279906286723417
0.48882277728353074
0.8488020631484687
0.8442167080938816
0.7339654698562299
0.5064628205145709
0.6289119185516938
0.6893932880102511
0.5669341697739583
0.4496986074416327
0.39716236300682795
0.6246604123170982
0.6889310923870653
0.6066590415575774
0.6210751995186001
0.4289829916256167
0.6319300807772379
0.5819239275254517
0.6401543208612566
0.759231744450517
0.5613464239286259
0.49562030074866925
0.8248015276622027
0.6307067123148045
0.42512219371610627
0.43873247345891286
0.816191264661029
0.7963593988679349
0.7262877357916295
0.5873014170588249
0.5001404077347615
0.4616589871421013
0.5251729671488192
0.6295301031786948
0.6047039770596712
0.24146879947693378
0.7021885779133754
0.8034680034033954
0.5761133442429127
0.8799919821321964
0.8273175023496151
0.7522418235312216
0.4825800773350579
0.4225598282541796
0.5708181072923253
0.504440207772177
0.6887908676492884
0.5950191020874627
0.8542246986180544
0.8194206734187901
0.4530841029873045
0.8201095382682979
0.7011201930272364
0.8950541634112597
0.550219632590597
0.33236586641692156
0.7538670475805702
0.5631522055482492
0.44554308183069224
0.36970289816008517
0.6981208152501495
0.574806803075262
0.7348520390223712
0.6178961439436534
0.7517560098785907
0.6009617662193705
0.5908477165816066
0.7445559343323112
0.45156382249388116
0.7556725082404228
0.7274154817621366
0.823491787770763
0.6769462409429252
0.6469028501333014
0.5506537065410839
0.5372828436265991
0.41812240054946415
0.4804265878260594
0.5511838329449574
0.7699099581877817
0.8225144725292921
0.6018392553880858
0.7465063119871047
0.4425682141022662
0.7021663919276762
0.4252350803221816
0.6338057712446243
0.48510664112109225
0.6576317811714034
0.5069691739317932
0.4125545346105355
0.2761814534287623
0.37875547261501197
0.5975540920226194
0.6290259768702526
0.4412774058355353
0.595580133551266
0.6041909934037903
0.5418965913574993
0.7099190094104415
0.5779099564788339
0.6111577733745435
0.7275297282872089
0.6231130890009808
0.6839914897132076
0.3662031387756315
0.740348210090815
0.43816899512421514
0.6058211611889419
0.7066366011276841
0.8503490947186947
0.5957034830335033
0.6598509504027561
0.6410357953100174
0.7168864544073585
0.35270339733234835
0.7143947630538605
0.6503346138151755
0.5178099894735624
0.45324379989870067
0.3652142109731358
0.6993423784151673
0.44658214772880456
0.5497252560771813
0.5706700442824513
0.5939273922340362
0.509403791009845
0.6051233946150205
0.7661725941670738
0.8419904103502631
0.7079939883783481
0.4638095259979309
0.670264768814377
0.6806001364284384
0.5795678334434342
0.8115509477211162
0.7373435958488699
0.7130981868835988
0.7856819214648567
0.5308488424250299
0.5954543553762051
0.42540479122379793
0.5799313789439111
0.42622574345296016
0.5098995167572866
0.4711621047976706
0.44335883009080135
0.5228723008076486
0.6391030553204473
0.4501134657742796
0.6741098272032104
0.7676735924324021
0.8017217100132257
0.7351085983882513
0.6999813781585544
0.5893915572606261
0.680213212272065
0.7209077286315733
0.7722362596541643
0.8197119035758078
0.4815650953801196
0.23164445258430533
0.5293783366651041
0.4965313236716611
0.49264062798351915
0.45496900226862635
0.530863767140545
0.43642612923986235
0.714110120665282
0.5824766086589079
0.48925977376075025
0.45019968830183643
0.3646509100462936
0.6251193824227812
0.6624549025782471
0.5972515924368054
0.7377582001499832
0.5189296475991796
0.2852436592010008
0.3805818918085606
0.5142980486552915
0.6689785918915732
0.6872928540688008
0.579292250195067
0.6522799415797635
0.56316701968899
0.615742738315916
0.466040027980398
0.6142736616311595
0.5890344343624747
0.5344053362373415
0.6698477322963186
0.3572259831789779
0.8374821399338543
0.7194886446062299
0.6071945382409467
0.7508411436820097
0.6572323395264448
0.8060323046520352
0.45930319647641227
0.742325340397656
0.5879634356115275
0.1667298885558921
0.6327244140975381
0.5633261145430879
0.6283364323244314
0.4896807106269989
0.7192788068205118
0.782275921665132
0.7635179860517383
0.8647944806143641
0.6883059345069569
0.6964855762198567
0.5336722116090868
0.4598674584976834
0.45288561198412935
0.6909527975233232
0.5683426561990927
0.38471150351779215
0.7197335394821209
0.6333348720399954
0.4986483266807227
0.7577998088672757
0.7423950812080875
0.5775141661783891
0.6601401568182155
0.7545941504649818
0.6209853936634318
0.4067526885314692
0.7743003414943814
0.7694155984790996
0.8444650480523705
0.6896789069696752
0.6282604520602035
0.7883200131755075
0.7495113597251475
0.6755517245846931
0.6506271108262354
0.7067511602381273
0.19096808910762775
0.6763812662065902
0.2602442437911492
0.4760854083006052
0.6096752519952133
0.5957596251391806
0.38157944545491773
0.6760696445471694
0.8295459281653166
0.5121279216236871
0.6367010072344783
0.7604735884897309
0.728898835884138
0.7448929691865942
0.6226388246313945
0.4849376519796351
0.5438900484477927
0.566297023122047
0.5294446355992477
0.37827643815035117
0.47587557252882107
0.3727839235416468
0.6615832434981712
0.5623224240150648
0.5830305367890105
0.3687589502769697
0.7367442037211731
0.7093915041255059
0.7625314868055284
0.510625726649323
0.46961464547075593
0.6469074196388647
0.609378381186616
0.6894704596488737
0.732659121742472
0.6679823479908009
0.5519283468111098
0.4512229670576744
0.7588930586352944
0.631945503485781
0.5910393670856138
0.5956478379839609
0.5872720269862839
0.7460116855818342
0.5616203696289404
0.7468574982340215
0.6993495374663325
0.5978894824202143
0.7252965327352285
0.7048873117710173
0.5181115229020747
0.6784936734175062
0.5021890229627388
0.8029779251664877
0.7365315754432231
0.4674794946124621
0.4651973064583217
0.770925065735355
0.5696366187694366
0.38366533999442254
0.4344756868558761
0.40958138861151383
0.6969967641480252
0.43451036427154577
0.5046563510331907
0.3550930542187416
0.37530949158735893
0.7024518579055439
0.5725194929359532
0.7006383106968315
0.7739925216883421
0.6506684186424536
0.5448540174038499
0.7293938782531768
0.43913358928512025
0.7033296633017017
0.782564093824476
0.6207624471531403
0.49139741898829925
0.4412603997934639
0.644885899885594
0.7213640255504288
0.7162182610481977
0.824359533842653
0.488738810615132
0.25101399378240785
0.28214873034721677
0.35308803120278753
0.6004817406064831
0.6295219802182146
0.6935387446137611
0.5087446700972578
0.6490670500788838
0.7638753715436906
0.6855374468091213
0.6856907058972865
0.815609322860837
0.8315802768338472
0.7945739747956395
0.5604368751869515
0.5830452366717509
0.8027928308583796
0.627170200996261
0.38252084490522975
0.6113092202667758
0.5549596800622112
0.7389171727991197
0.5107257265531189
0.7872880848590285
0.6774641275860631
0.5556693790194913
0.4327895760688989
0.5244489681626874
0.4610154831966611
0.31725807482666823
0.420092998416294
0.4636395079205613
0.629441841748303
0.7404918513493612
0.7406102411914617
0.6922984665517333
0.425650466643674
0.7051800738809106
0.6353868215865077
0.3683692833483292
0.5860951284103066
0.4721797650499866
0.5000071736685641
0.634123268770054
0.6430069050968541
0.72246258193627
0.781257338821888
0.8345481167198159
0.7930854977457784
0.7015172374499343
0.44282408517847216
0.45000793880581114
0.7024401937242146
0.651042547252473
0.767892119474709
0.4111353327282359
0.6930489916358056
0.6363925229697998
0.8176081450656056
0.616354241656154
0.7316409202067007
0.47963299495700085
0.5816362871210004
0.806466949172318
0.5432855430699419
0.5968451182116041
0.7307565293713196
0.8110353262163699
0.43572551211036625
0.5559579937144008
0.6987711343936098
0.7837560563348234
0.7348257410340011
0.6778515528822027
0.8133956207893789
0.5811286520765861
0.414283969186954
0.6927415808459045
0.77298015775159
0.6738313960959204
0.6367689433300256
0.6829669455764815
0.6865064279572834
0.6693324856092886
0.7954844948835671
0.6253788011727011
0.6756487627089882
0.4029031905301963
0.4110370355388113
0.4064543591812253
0.6894399711745791
0.4751220672596901
0.5985384775158309
0.32850767020249805
0.6741565823322162
0.4072864188010499
0.5998297588175774
0.6854963641380891
0.5568104951080386
0.6428468480626179
0.5735005212236501
0.3509013747750487
0.770262437639758
0.6076569256310904
0.6524705411866307
0.6583887583506112
0.37602451079465027
0.6414955003801879
0.42699277813539993
0.49020319662668044
0.7273080998274963
0.48040085868888127
0.7094879857031628
0.6454696384407725
0.8088597967289388
0.5250331788870426
0.7976621642355894
0.5652584997319536
0.5744225746489064
0.42642827168856456
0.8191906604915857
0.5263067614159809
0.8196515745949
0.6528778418490333
0.43078493506016
0.7042077508249349
0.7854917237018526
0.6734105603263743
0.7632842677085137
0.5919488651998108
0.8244030708447099
0.7338956529274583
0.5002039188238996
0.5592005141861591
0.6040210087830928
0.5974412738110004
0.5666438971120442
0.5276616681067026
0.5243423659262589
0.7388427514233626
0.5357031431903181
0.6380084583915959
0.7385218416638963
0.8209895766340196
0.5458783909787144
0.40814108301583474
0.6323232799654761
0.7026959339200403
0.7065703855896572
0.4914883176581242
0.7394410917117966
0.6560097304645751
0.7297602600710889
0.742014025861863
0.6557587718125433
0.6082788651237934
0.6456988089848892
0.6014991859119618
0.41675212584232213
0.765791192650795
0.6356018243882318
0.6871697653160709
0.5574053447980987
0.5549585491803555
0.6672768559046744
0.6159847683775297
0.5338524204744317
0.43861218548045144
0.5361123696091568
0.5927060789124425
0.44941846098959104
0.5979510897304863
0.5693695953086717
0.6574487523548669
0.418590928525191
0.5304834593491705
0.6608789849560708
0.6599314704571952
0.6407931805983935
0.5849460705208003
0.7726711593568325
0.8315312163904309
0.5747564643347687
0.6052137355982268
0.5524037784903157
0.6153501849630629
0.7252282406789163
0.6875436117334175
0.6083576558526147
0.30388474564870194
0.5873436045328617
0.5572451675875527
0.5554654302654853
0.5619632250882205
0.6548967565277053
0.7077208453365529
0.8164024495399644
0.49063338310156723
0.6740553834442835
0.8011103012254353
0.4457286200959061
0.8729246931616217
0.2969342587537085
0.5233205242548138
0.4043805825582467
0.6338222219765157
0.7098642755299807
0.6185956271110626
0.5823132464893206
0.5960753190292962
0.6489293754275423
0.668117616462041
0.643230479844533
0.7995559077244252
0.8147813905961812
0.5181550927054559
0.7077608508989215
0.7382837433833629
0.5559295407247191
0.4794482055572189
0.6130673992570337
0.5197656044929317
0.39943126364778436
0.3967222474839218
0.40512904505339975
0.5491383310236415
0.6534142206137403
0.5422905850155075
0.752638014848344
0.7065904993523873
0.6917172823696092
0.657873428426683
0.6988312366884202
0.7194485654008531
0.6610217517536512
0.5013500083423423
0.5618337658488599
0.5051531690196498
0.4632927877964903
0.4916770217432713
0.7683437424711883
0.5706432576262159
0.6764988439172157
0.6310560337478819
0.6608722850651247
0.6805917318411048
0.7545693013398704
0.6696078959066654
0.5667910967318903
0.8482893919572234
0.389487333894067
0.7762711242903606
0.8573768567293882
0.63882098900649
0.7626199437072501
0.7438625048680478
0.5739517796155269
0.7788332635154802
0.4078085380297125
0.5496158955529609
0.8212223742157221
0.4511199181652046
0.6397856864612095
0.5822118199384931
0.7948524486273527
0.6058885530187581
0.638128902804965
0.6173857483022402
0.8684261869639158
0.8380285557359457
0.839391834102571
0.3376071482862244
0.27998795184225855
0.782474004663527
0.8003219420688765
0.7625901414976397
0.6606865316935
0.46025316050395304
0.5999594497247926
0.5809055099002762
0.6750245102766712
0.7591491951316129
0.6308829676854657
0.7789065276738256
0.7892487022868409
0.4052710737933012
0.4300098173932838
0.3173715595662543
0.7420085343310348
0.2598563087644834
0.6495955640348257
0.5271939550839306
0.4637864659750903
0.4810256236596615
0.5658301840485365
0.7438225817586499
0.4651235763622026
0.755421752570328
0.778899090946652
0.5717542305828829
0.3940373018158425
0.2915116053167708
0.6961333694944187
0.7020041721920052
0.47547401620704477
0.4073146922921751
0.47597868877960536
0.6441256136113225
0.6435076826019213
0.6583625283346919
0.660426264968919
0.5273403974624671
0.7449236642278265
0.7726664273068309
0.6860110305715352
0.3287738823546533
0.6535007421414321
0.6452029877964378
0.7969316556118429
0.5157087268380565
0.432938490586821
0.7344703956041485
0.398550717964099
0.6480839360992832
0.4312185386479541
0.4166277470185378
0.43519595087241214
0.5593484412320322
0.708753919461742
0.44544387179485057
0.5949338261420962
0.6531132239772433
0.4582142469421342
0.4098716939090039
0.6589916993003158
0.35397539738278283
0.6479498365260952
0.6761291974689811
0.5228470980564452
0.7065213917954907
0.6791659600567073
0.47252574754020316
0.6753009420444869
0.4873919084220688
0.6497744267026064
0.34646446330907565
0.6816797006176785
0.5176616801545606
0.6831360962241888
0.5332863464145703
0.5189101131890652
0.40830523299246124
0.7287420375505462
0.5958806995517989
0.7178356370422989
0.6709066322728177
0.7129567358642817
0.39353460505572
0.5286344763680972
0.7003377327146154
0.7532225111499429
0.6225693783840143
0.6186046269640428
0.6721172158340778
0.3555118206147654
0.5304066193598374
0.8261276036500931
0.6150586162311811
0.5995402869639292
0.6421628253883682
0.4531558943225491
0.5378888524744525
0.681041560781523
0.7239884624432307
0.6704848949057123
0.45894650742729937
0.6590802991249802
0.7162709287658799
0.8051334095653147
0.4743268969050405
0.6080893944454147
0.581306094840329
0.7361178533064958
0.653572808625313
0.4288255480977341
0.4861752801207331
0.6343112582517278
0.5897685642394208
0.5454495820740703
0.6623319863574579
0.5536313173561211
0.37378029625779163
0.6115321919178314
0.6024072195959889
0.6773629214549146
0.4214571600881527
0.8444289704784751
0.6352318852923418
0.5015372125421891
0.5836419137754092
0.7528737494722009
0.6424612105420238
0.715849341955618
0.5913694240007317
0.7264823585719569
0.615444466011013
0.5789450584225051
0.7895052519379533
0.4623047966715603
0.835662157740444
0.5031488172587615
0.7809379403693129
0.7478516393766768
0.7792805716162547
0.4370141862264063
0.6732908704320835
0.5676177026434743
0.5295551588169474
0.3862221706976925
0.5655601386893068
0.6300679159867286
0.5147892494578628
0.514424649603825
0.7247284695040435
0.6671712992156245
0.7062024858751101
0.4045079296329277
0.5393176459497226
0.5784780257844204
0.5681921537907328
0.6875299725215882
0.538143342636431
0.7014947081916034
0.590768461765947
0.3558827117612964
0.5680619425086206
0.6647202854946954
0.6573440070224024
0.5630246692990113
0.6827444478985853
0.5743555874560116
0.47658025212422217
0.34241667154037714
0.6014040405862033
0.490245166843124
0.6074097870150581
0.7983366367407143
0.6891244474390987
0.4170083242488545
0.6521112553309649
0.7490042726276442
0.511871929179506
0.5848826791861939
0.4933709600882139
0.5682274138371213
0.5629752448912768
0.7428168049777923
0.515322280015198
0.5807200434796869
0.7085164298769087
0.4702392823746777
0.4804881992895389
0.5198195770208258
0.5356994542471512
0.46694981681912395
0.6032435106626508
0.48099359511797957
0.535806973282206
0.4930160738485938
0.5149475595662807
0.2938685249059745
0.4943056226884437
0.5058489206739978
0.41539990566889173
0.5646445115798997
0.3990026048695654
0.525530172202707
0.4478072159108706
0.6505886807717616
0.415285180004048
0.6586749160196632
0.5106416242415435
0.6597272814968562
0.6415486512705684
0.7546253581531346
0.5653168951535008
0.31578540598528093
0.8405480878427625
0.487643938347901
0.48788735373458303
0.7887535183690488
0.7399748293682933
0.8504384960979223
0.8343605725094676
0.41555965702332287
0.5874535968878263
0.7319747833535075
0.5676343211498533
0.6847718376120611
0.7390528371324763
0.6719886604696512
0.30123475082200457
0.6544436615731684
0.4473270494376038
0.6202226560908457
0.45052250752451073
0.712199808916921
0.6666952255327487
0.6498449088867346
0.7577785702296751
0.5873416579561308
0.5626236058108134
0.7445070464164019
0.47220148155042807
0.543850667737388
0.7047239611856639
0.47944000342113213
0.6138352063417187
0.6372713547607418
0.5518433208735587
0.4516693418418072
0.7068293511401862
0.6500783868250437
0.5328015044015046
0.766857783892192
0.6762339519918896
0.6705621229748431
0.47245109940377006
0.7487926441244781
0.6624336749046051
0.5399731839097512
0.21318320049749673
0.6200601677683153
0.3785429918561931
0.5775701248585392
0.44312945039018814
0.6753917904570699
0.7169625158421695
0.580597288781064
0.3239695859483618
0.46553536592773526
0.697447216589353
0.7300858469679952
0.4515420517250277
0.6910172894131392
0.5374583981465548
0.4202907856351885
0.5338259957566152
0.437036103936407
0.32598705235523084
0.5740385282406351
0.7235154386144131
0.5237760132567928
0.6003283962108981
0.6020530570540359
0.5140891084356554
0.5436143737720158
0.6310951367486268
0.5506974499880926
0.6983294245583238
0.6654516465496272
0.5941126567340689
0.732267196290195
0.6265275022688002
0.435106366911441
0.6386361110298822
0.7382758472813293
0.6234284089541688
0.6444641005768972
0.5659275578473171
0.8071693918900564
0.6535985205124462
0.5617262486646268
0.6563706737542816
0.6982667373958975
0.7411038163118064
0.7104650569381192
0.7092617043626888
0.6132960532149809
0.7544060605578125
0.790783348493278
0.7073472629758726
0.7364402310922742
0.7446266604738412
0.6419628802118496
0.6245951372411582
0.4535406767158179
0.5143293134560736
0.6206789850257337
0.6738785118795931
0.4324323899079445
0.706328445341569
0.43174180424284714
0.739421239879448
0.5524003822674786
0.5353887064923342
0.6506311071035498
0.3796717918444301
0.30293235300769084
0.6725200597975345
0.7323385924100876
0.7324432618916035
0.6033651917979341
0.6615558185148984
0.48138830058931603
0.6052385176171811
0.5495682747441606
0.42307641517254524
0.7065024601761252
0.6848016083240509
0.5440132458707012
0.742767792664381
0.7010189216234721
0.7330933486555296
0.45899522840204554
0.7691854229196906
0.6210055350434232
0.7999867480248213
0.5738644709344953
0.8076390607748181
0.551848719058853
0.7135520774172619
0.6170786229195073
0.7937980219721794
0.6577983324532397
0.6043548033403567
0.6143660645855107
0.5526780106474689
0.6523295562219573
0.7866322595100428
0.7328468749574313
0.6923318233530154
0.6752072398085147
0.7278882008886285
0.5608758423309155
0.5159299950555578
0.3908235788371712
0.47282372613017287
0.4818609079836733
0.6557653254130855
0.5039649387590543
0.34467471231482705
0.3440257404836302
0.6516230633469604
0.4122662608167502
0.39035944908391684
0.34267487730653556
0.5602071513858391
0.6693485094656353
0.48913235798488586
0.6491285772935953
0.6732808148371987
0.5412323781810073
0.7888914390932769
0.6821028704289347
0.6970528019592166
0.7141710357973352
0.7581611743662506
0.6123194617466652
0.5005376877898016
0.5521498792122657
0.792765321490549
0.43680628427887314
0.8204416083171964
0.6943603339605033
0.4707187195926963
0.5502157781570531
0.6700378515877219
0.4367312164326904
0.5039371354796458
0.4606455659949873
0.7604302694089711
0.7814711770042777
0.6578448769869283
0.46325469959992915
0.46848542357156475
0.6804139572977874
0.5662069919235364
0.3555526766958792
0.6604696395806968
0.5525429856211304
0.26023305694525334
0.6357376882133394
0.329553961451893
0.7208743842784315
0.7474975930526853
0.8270938163623214
0.6535463869340674
0.6844268245840794
0.6992909322980267
0.833257813937962
0.5616925132781034
0.5805157972008601
0.3156642469334656
0.569148721541751
0.5921506113809301
0.7606509779579937
0.48073635560740513
0.39880578803149547
0.41392662930047663
0.6790962723316625
0.6885987869463861
0.3395333026978733
0.6143318968943277
0.503335717077789
0.7029108606129739
0.6318227878391554
0.6893910427161245
0.475682712270725
0.7008692970557604
0.7108148768165847
0.4048082805377362
0.5044201769778738
0.680455585261825
0.5517521574365674
0.6501845257007517
0.7238825695822015
0.7547809183015488
0.4696689797431759
0.49588030209588396
0.7667609038762748
0.7489105602326163
0.3303235341254549
0.6564156678196014
0.5124709592091676
0.6757453005402567
0.6701457523704448
0.7993464921601117
0.5329788658152665
0.6020133374258876
0.8647305211052299
0.6943717824760824
0.6344691535723541
0.5971556557178701
0.6223493668258016
0.8034284696914256
0.6542048209685163
0.6557817604157208
0.7771801520138979
0.7095485317386192
0.5522733673660696
0.6415497967391275
0.554960342211416
0.5055605202001061
0.7256384418355992
0.5156186971680654
0.701121996389702
0.5096989886222332
0.5732664712122642
0.5822167686092143
0.5643021928767666
0.761443127412349
0.7821635218069787
0.5537666985628675
0.4561876575126007
0.7254134333361435
0.7110047072637826
0.5300507467636635
0.6574404455022886
0.4588211924415191
0.7817986594745889
0.7429595838129899
0.745485361037936
0.65712057435303
0.781069080623638
0.4072281402529825
0.6686942629421537
0.5701786054305558
0.7165664360964001
0.5760656028141966
0.7613283623941243
0.6370882662922668
0.8082236871123314
0.5332641055128988
0.05556663500556169
0.5203329590867725
0.4499612144636558
0.41056617176036525
0.7430616402634769
0.7913934444077313
0.47858367910021116
0.678132622830617
0.5314014460891485
0.3224144614096076
0.6957954392047441
0.6108009428189689
0.5274843468350809
0.7466920810984448
0.3571683085526729
0.6050618208209926
0.6057650314387502
0.8024417075212114
0.558669150881542
0.7538639865351797
0.5813960637806304
0.8217799109406769
0.6135620321924762
0.7383175146223948
0.6791800526552834
0.3696039051110347
0.6256131009413366
0.4237718251224578
0.314980695450231
0.26741186662661676
0.6406319037150752
0.5230771852989164
0.645962176879948
0.6765968492791217
0.5932946478135932
0.7933229175396264
0.7850727271288633
0.6830167750595137
0.5333281663693015
0.4952462647493121
0.43075011780319983
0.7485895359423012
0.7308276235125959
0.37776918158760964
0.6998076505715289
0.5957600450956306
0.6540217847632448
0.648300439119339
0.5620723177371474
0.7980997861595824
0.6576334927631251
0.6260091728063344
0.5909379073546006
0.7637346477131359
0.577454659068735
0.6790996788768098
0.7204395204498724
0.7457055188715458
0.5133659101898047
0.5779250802961542
0.7227884984986304
0.7030155260581523
0.5661925926242475
0.7171334587037563
0.6022906096841325
0.5674947664128922
0.8358033940385212
0.4631315420806459
0.7858666218380677
0.5480642638794961
0.6640792264079209
0.8117782499175519
0.611279763863422
0.6177787786045883
0.6885230005864287
0.3534459883303498
0.6086480603535165
0.8068854291923344
0.44995339627348585
0.6257854765162847
0.8038412360474467
0.5772827902110294
0.7316706803230772
0.5009361992124468
0.3353663379130012
0.4902927503767387
0.5834931053832406
0.620463181332525
0.655303415884191
0.5122862396819983
0.7633629443589598
0.7308806566288695
0.6606443203054368
0.6151824358507838
0.6915836816860974
0.673835777099157
0.8503960298839957
0.6802322642172385
0.5352004805704382
0.8237822032533586
0.6962152219575728
0.6312637879300382
0.8023559188004583
0.71726884553118
0.6970056454883888
0.5918253018980977
0.6199448128060681
0.7028312685870333
0.554369922805563
0.6376663559331064
0.7216628182268323
0.2784789782629673
0.5264502741811157
0.7066214963451785
0.41995601624876144
0.6401791221105668
0.4965379845816642
0.5635729152190834
0.5245962593317017
0.38567960483305797
0.4890390194414067
0.5059509445945878
0.5848303774982924
0.7327302885241807
0.28198296724985994
0.24012363516158075
0.3776803486061908
0.7607146622613072
0.4654781508584165
0.7064461504342034
0.5233647957702487
0.49632078234481014
0.5407291621692139
0.6682870672375429
0.626852926599895
0.8238400788977742
0.832180886529386
0.5530025799534997
0.4490295151895225
0.3384048650641489
0.4601669778926407
0.6118348717554909
0.5218431014418456
0.670683681743867
0.4185044191444831
0.815453567658551
0.7044413397088647
0.6842724232105866
0.4568474090156087
0.7299907396081835
0.589299874365679
0.6207306924843579
0.6393472202526027
0.5957519534367748
0.6947627803310752
0.6579257045063969
0.6506924863604286
0.7552503446349874
0.4992150843208947
0.5619738668528953
0.5695150616509181
0.6526924767531455
0.555456435354472
0.762370023294352
0.5415167649075556
0.5804831810087308
0.37657674719048373
0.5426890962381776
0.5424419028004195
0.47856060617948515
0.43848689862988977
0.567298535243026
0.6569356689851702
0.7658165446482599
0.7573023423901759
0.7664109338074923
0.7014794698043261
0.4595475235137201
0.41086565235582384
0.4543014123471494
0.730239131487906
0.5757628994732613
0.46326463823652375
0.352824563617105
0.5030683863460581
0.5747406060800131
0.4474699373429303
0.5795168431232014
0.7593370323884301
0.46138856611885615
0.6439017557850093
0.7852152525447309
0.6283590709572309
0.8262948740739375
0.5301230111981567
0.7913553477264941
0.7534926573280245
0.7971172273755656
0.6120868271159452
0.771316515694366
0.5356096844939202
0.714348656765651
0.6344273747687339
0.7792195808142424
0.5889925248995951
0.6712302045957586
0.8836958566680551
0.5838255017224583
0.7938896992600348
0.42524334878089576
0.715556009006832
0.5161005717536682
0.5475025722244027
0.7593090263217164
0.6950006974657299
0.652996757920846
0.6557268185965768
0.6287252307525932
0.8069515063507424
0.4709624736092337
0.7298008810021201
0.7704682466574013
0.7894469308666885
0.6899299543497364
0.7981788124889135
0.7864412464559791
0.6166166606597017
0.5763114225119352
0.581092208303744
0.7324703741760459
0.6137012190283713
0.5834498013040843
0.5581282416715112
0.5793500413408879
0.7950871326029301
0.7342305727447069
0.5343248539425076
0.6638771529356973
0.7995767332613468
0.7571908762329258
0.7342099440274978
0.69993557208727
0.6405342954130901
0.7775598862208426
0.5208767650474329
0.5640197226948658
0.5303413669435031
0.520032425415593
0.5502433845613268
0.654074911893531
0.5318638142416603
0.6404510886140997
0.695267829806653
0.5049906140047824
0.4049511425472474
0.52002673505649
0.8710554288700223
0.6575712510821177
0.6534627274049853
0.7592195102115511
0.7890752499943119
0.7682672772407386
0.5282636698852912
0.8054205670487136
0.5107074762818229
0.5902645078472233
0.4391349252862824
0.38353662663439536
0.6314453776567461
0.5913067675046477
0.7047832121243118
0.41703748695272225
0.7368254666389475
0.5259367086491693
0.7485012008110061
0.8272698898799717
0.5555079086880141
0.7746045111066451
0.6039628900489333
0.6249460720089246
0.5066583582763542
0.7842160944422858
0.8295408166013658
0.7173251708099997
0.7783187979839568
0.6528021380390783
0.6617631521348812
0.6275950823228413
0.6954678165039923
0.6690128546615597
0.8163800847250968
0.7071099609966041
0.512381408914564
0.5285284828860313
0.6096687516483144
0.31514910391979356
0.8176775882020593
0.7274992242473672
0.8468354567885399
0.7252837913110852
0.5668300803511102
0.7530654033180326
0.9008329221978784
0.5387831748084864
0.5485422456540618
0.5532423598542664
0.7416171121749358
0.5235716138543012
0.5990273078168684
0.757394608193863
0.8391193253919482
0.7534759261179715
0.33012722449620924
0.6263323712028068
0.5796376437810977
0.8678089431487024
0.7244201060166233
0.5375212587857732
0.7087570810845136
0.697863152679929
0.8081629584776238
0.9116534106433392
0.6320103198486322
0.551525435354506
0.5777784657589109
0.5982113290394864
0.5686725980336007
0.8317430084571242
0.6298068538817461
0.6953661241150257
0.47672752510175087
0.6378934674467587
0.7419616942061111
0.45132720309629804
0.6773227621574733
0.8150240518152714
0.7546948355502536
0.6899270563435493
0.8300420823507011
0.519184638200386
0.6406962114625685
0.31206042026587966
0.7548550583887845
0.36204914530458154
0.5246574445785939
0.35562262950406875
0.449750036911837
0.7624863017217649
0.658249439788051
0.6492933594508941
0.6929034246131778
0.5176423919986064
0.6030607089605269
0.7691108976320038
0.47167370036368084
0.7060362800621078
0.6509301419901021
0.7128147614639602
0.4029317145286768
0.679090962628834
0.4193641867097426
0.4589788623007962
0.5218630445051531
0.7955178776755929
0.6048538873615144
0.5629962921261722
0.697691112949542
0.7092042754738941
0.6847054446477614
0.6857859637864294
0.4370764121617867
0.6654328282443203
0.7948111640289426
0.6105828106319677
0.9028369458392262
0.7542159542736044
0.6647168233150751
0.8643476758152246
0.810500705614686
0.7129454394726054
0.7593705989420414
0.8341985298320651
0.6829633670768089
0.7944718364742585
0.6472602004150758
0.5569929907233018
0.6354646905401751
0.5509763910536094
0.651615199144544
0.5983618198988552
0.8212242051959038
0.8536124844104052
0.47774039817659286
0.7808212405070662
0.47384276671255066
0.5768523636452301
0.7783715070054313
0.6520236846251919
0.5869229333184194
0.5684316593542462
0.6272801190356176
0.7843029209070664
0.5571632525116001
0.43273869872700743
0.5664452531200368
0.6274888780844776
0.69018222370903
0.6490204845349581
0.6537717299670476
0.41571341924191074
0.7713005630521366
0.6902938576749875
0.6393068016259349
0.7097830132215677
0.7917721826088382
0.8155141184106469
0.3292603207837601
0.45720891086330084
0.4399032493802224
0.5442785863037898
0.5221126244287007
0.5230923174749478
0.3584830030167723
0.5329178318843333
0.6921954077770351
0.7494028778746724
0.6166468633982731
0.6154248042776089
0.6059647487645634
0.3888240899941593
0.6669751698427717
0.5804990181923131
0.7052728172857314
0.7509966278776119
0.6067492857437173
0.5434862421561775
0.540205758446973
0.7080964662472979
0.611501581268385
0.6604227638890734
0.6802374089291447
0.4053594502984197
0.6064957164112457
0.5683662827786975
0.7489465782418847
0.5716100212709989
0.6773973713952728
0.7049875820830493
0.4513397477767285
0.8660343852825463
0.6031951892537109
0.5785400835702603
0.5093220638445928
0.760818270318282
0.3202644754988455
0.7921620234847069
0.5309429398703287
0.6651909417751085
0.48363551946385996
0.5575557040665444
0.6996916528805741
0.3598300972707591
0.17425445343815227
0.6954967889905674
0.5805429724605347
0.5753868851443258
0.3921085268087836
0.4984392538930251
0.6406587492674589
0.40624710484075877
0.6625563114212127
0.595231950714151
0.6172631597015652
0.37631474511545093
0.45821924003143977
0.24278827331613684
0.455318790531237
0.5178505963658608
0.4535838285828504
0.7231746166944504
0.6181563864811324
0.6833198857493699
0.5860299503244732
0.4946422627758693
0.7333222702209241
0.6756621490808357
0.37008530496541425
0.48848228298265894
0.6074231618076738
0.4408531900471644
0.867263691034168
0.7304157502949238
0.5149793809860057
0.4714739704479598
0.6782936410745606
0.7240821892373788
0.6516526256364159
0.6082554568993146
0.4814426421683038
0.6297085948763197
0.7748689023574116
0.7905963464909291
0.8262846286816057
0.6330151475667662
0.4551628293725116
0.46210523825357086
0.6653066651815607
0.8039524494670331
0.5805980473928685
0.6171881808420494
0.6787504660496779
0.6154908771313785
0.3952569106734245
0.42474275697441044
0.6763626800220663
0.3418174070470741
0.4966423983423738
0.7057517784733136
0.7314758205029648
0.5603667223131197
0.627063602493763
0.7626497047017438
0.44182778450522164
0.5114533274381756
0.6024272918366478
0.37568068765949647
0.5010215359898211
0.812376671237871
0.6612361802253872
0.7770829355213209
0.8041719351895154
0.6524721241728457
0.5729959545542442
0.33038940677147366
0.6103087704741483
0.6543291069738189
0.39134925233429385
0.6836257317045238
0.564623905442204
0.4810838105258881
0.6322545188886579
0.5919686129047932
0.6999570529251287
0.6643624854763033
0.577734422751746
0.7423328274708183
0.40396966725893435
0.5445638181190589
0.6843145493185148
0.39016100839756973
0.5809438220851462
0.4505831330670844
0.6889233493711799
0.6472452047364641
0.5646996522414156
0.7568555264664383
0.603643964506773
0.7427329844904307
0.26646018617361733
0.6517242967493075
0.8903788402676582
0.7111983703439364
0.2674089520811549
0.39823642580631713
0.35131352266671456
0.39593992510344833
0.5578729677904448
0.3562045934324942
0.3907912800605118
0.6666076516776229
0.22619872682207642
0.7028928222134709
0.5397629408644207
0.6856466897170321
0.49545414432395773
0.6887882300070487
0.6137323034938618
0.5081833542171807
0.16892140255220056
0.679786954075098
0.5803181478472652
0.46053041696222863
0.3535892710187909
0.6375899654231034
0.3766126439550135
0.4078547088529376
0.5722286389457167
0.4801327554314412
0.5488478812535647
0.631904625095558
0.5760056479732611
0.6357360980082376
0.6234094916108006
0.8198908739723265
0.552868312914029
0.6808687322409241
0.5215739411091818
0.6242486520889088
0.6815860390561284
0.7453987756653078
0.5665076105069602
0.56512723209471
0.6268214236479253
0.7018708514455625
0.2897498465637227
0.6210700024585094
0.6496559016013634
0.7440151667688042
0.7007536279270425
0.7469600890763104
0.5039547764295094
0.7246980466879904
0.137081733904778960.159776881337165830.171715695410966870.134134752675890920.151007425040006640.20141602307558060.201294004917144780.18627648986876010.179453372955322270.21161989681422710.193730857223272320.17019192874431610.2352725062519312