-0.07096470701799262
-0.06534952676156536
0.2183719250606373
0.2486557082447689
0.4323895981651731
0.38446863926947117
0.6217014034627937
0.49941047630272806
0.5654412942240015
0.6635366058908403
0.5123956895549782
0.5274162548594177
0.41993547101446893
0.571959245717153
0.5210971659980714
0.6264503346756101
0.4681978278385941
0.5323380954796448
0.18446436035446823
0.5592681071721017
0.5419449786422774
0.5288881470041815
-0.0486497706733644
0.3022788383241277
0.0009957863949239254
0.46182045759633183
0.2578524741111323
0.23582443303894252
0.3907137962523848
0.3304337556473911
0.04852835898054764
0.38647470239084214
0.08887106127804145
0.7744562407024205
0.6223168025026098
0.1554709654301405
0.4848331728717312
0.08510506042512134
0.5641210537869483
0.27387958114559297
0.4702788961585611
0.2379691442474723
0.46387068554759026
0.2941450932994485
0.8188985298620537
0.32576126349158585
0.7860103026032448
0.6057697239448316
0.7877196823246777
0.8063512616790831
0.4082377841696143
0.741193930618465
0.5724170898320153
0.4829139495268464
0.4382381225004792
0.004176897695288062
0.5453401795821264
0.5861669955775142
0.4583006389439106
0.19671999673300888
0.6140419316943735
0.6080897562205791
0.7613699855282903
0.864922565408051
0.3483705557882786
-0.0029585795709863305
0.5459888614714146
0.6272465069778264
0.6048181288606429
0.48807473888155073
0.5178323908548919
0.2149398946785368
0.40423533972352743
0.44265559723135084
0.5015336758224294
0.7629108882974833
0.011522094573592767
0.6558448681607842
0.6720511429011822
0.6574644126230851
0.5547407264821231
0.518112795194611
0.6980940282228403
0.6092189503833652
0.5357800805941224
0.6770526920445263
0.32715101074427366
0.5389530317625031
0.7391510672168806
0.4424758842214942
0.41911878110840917
-0.44428726739715785
-0.09693891814094968
0.4452431772078853
0.5007717104163021
0.2233873571967706
0.7852367721498013
0.7178557715378702
0.8333194532897323
0.5070983126061037
-0.12122915301006287
0.2843715543858707
0.7052165272762068
0.545253203730681
0.3129784257616848
0.45630706258816645
0.8203329746611416
0.2850831191026373
0.7045597233809531
0.44211838411865756
0.7489279254805297
0.13659993885084987
0.3774107508652378
0.1434322353816242
0.35537807548826095
0.6454246296780184
0.38245947170071304
0.0648539060348412
0.6330928204697557
0.5158373818267137
0.27514782435901
0.652721953636501
0.11499773352988996
0.8475011885166168
0.2651727886113804
0.1365599116543308
0.7961123404093087
0.47603271988919005
0.5229909488116391
0.5293855873169377
0.4840143072651699
0.14850506983930245
0.7118793360859854
0.4597687238419894
0.5301267929608002
0.163064397405833
0.7892552800476551
0.5994971564068692
0.03470812345040031
0.44239924650173634
0.5427599350514356
0.46956628817133605
0.807749438798055
0.29717598436400294
0.6249533499067184
0.39673796109855175
0.2968844610732049
0.6224164325976744
0.31859571526001673
0.4845801189658232
0.7112394971773028
0.1948171077601728
0.5179735769052058
0.6239318842999637
0.5770673507358879
0.7174614383839071
0.34989545471034944
0.18354826525319368
0.796975095756352
0.3939229373354465
0.7901982935145497
0.08616258017718792
0.48545101325726137
0.4089674271817785
0.582832618500106
0.4060448622331023
0.49181979103013873
0.6640404569916427
0.319903451600112
0.005371468374505639
0.6591369649395347
0.7991129606962204
0.47169957123696804
-0.023673677002079785
0.4643657961860299
0.7417056558770128
0.35523598454892635
0.3679916658438742
0.4472825047560036
0.25915966159664094
0.3356432373111602
0.7729564001783729
0.5841878873761743
0.7018199122976512
0.6279590821359307
0.7042070194147527
0.7742658620118164
0.8438145196996629
0.4911365376319736
0.6567444700631313
0.31467212550342083
0.7983914435608312
0.7131552788778208
0.8254516003653407
0.3479020984523231
-0.31958966387901455
0.6456259117112495
0.6961063847411424
0.6251261937431991
0.34818922105478123
0.5321878117392771
0.6426913237664849
0.31441869075933937
0.43871294520795345
0.879447914659977
0.5166935384186218
0.6887074798578396
0.8897838331758976
0.7655842620879412
0.5549329190980643
0.5138094358844683
0.5583820527826902
0.5034807701595128
0.4582095993682742
0.3810789417475462
0.47449114394839853
0.4495094887097366
0.26915438365540467
0.3496121352072805
0.23378233618859667
0.5990243889391422
0.8024707766016945
0.2156950700446032
0.629097141631064
-0.023823297582566738
0.6503028196748346
0.24952023022342473
0.3027371202042559
0.4310340930678649
0.4607482949795667
0.26641557067341637
0.7190470024943352
0.5249747695634142
0.7591779651120305
0.8918316932395101
0.5306973762417329
0.1813996722921729
0.5578726819949225
0.3499083834467456
0.2092939878348261
0.7598577230237424
0.5319006002973765
0.29448340996168554
0.6371290385723114
-0.4403284733998589
0.728792957495898
0.886210666038096
0.7745688685681671
0.6196295020636171
0.4054792555398308
0.4751946683973074
0.5678668918990297
0.20108189650636632
0.5772620690695476
0.5629093139432371
0.6633092131232843
0.45207980822306126
0.5493737732103909
0.6116582811810076
0.17759137923712842
0.5774821457453072
0.7006337512284517
0.21096364711411297
0.12270513421390206
0.4654713238705881
0.7590113296173513
0.28665102319791913
0.650960861123167
0.4416898398194462
0.4429086958989501
0.8201738996431231
0.8274293906288221
0.6559017187464633
0.5603782548569143
0.622455591801554
0.7848938861861825
0.10302917507942766
0.6236221304279752
0.5003358649555594
0.530209014628781
-0.3331237041275017
0.5498471375321969
0.005728661781176925
0.28176798881031573
0.5633148808265105
0.2773910989490105
0.299997239082586
0.10595977382035926
0.5066449209116399
0.660841116681695
0.5436808865924831
0.417711885063909
0.6214419998577796
0.5388355724571738
0.8533341092988849
0.18763379729352891
0.8845102665945888
0.09423380577936769
0.24303160549607128
0.8109332583844662
0.6309416468720883
0.6437826408073306
0.5911964834085666
0.5507373648870271
0.302944161616324
0.40619982330099447
0.7204739458393306
0.5450478059938177
0.8049266985617578
0.5156965528731234
0.15226721623912454
0.16337449476122856
0.6976867995981593
0.7205234964785632
0.7179442588239908
0.6612060233019292
0.6176073243841529
0.6331491656601429
0.41636394429951906
0.14387350343167782
0.4763311931164935
0.6274146568030119
0.5029015660111327
0.22171918291132897
0.8368968362919986
0.6118239018251188
0.4750329100061208
0.5402644741116092
0.448317744769156
0.14493090266478248
0.3863861488061957
0.18487274521612562
0.5101531288819388
0.5847332797857234
0.6888345323968679
0.7643775932956487
0.6686306905467063
0.46664756047539413
0.5034828702919185
0.7064152231905609
0.26817132198630134
0.751876242691651
0.38937023957259953
0.46894679637625813
0.8177955828141421
0.5952341458469164
0.4780767862685025
0.5880288477055728
0.5280433888547122
0.33951179787982255
0.27262755125411786
0.2747924857540056
0.645474124699831
0.09694085220689885
0.271867849631235
0.6998436808935367
0.21085890382528305
0.715865228936309
0.8039144575595856
0.583456855325494
0.47651182320259977
0.803298499668017
0.8139360686764121
0.4368406014982611
0.4725440840702504
0.7144184864228009
0.5883466220402624
0.4675421254214598
0.7433244971325621
0.14165043586399406
0.6346253540832549
0.551455630135024
0.5084152377676219
0.7412466774694622
0.6179636034648865
0.18137068221403752
0.7850395497516729
0.6709850647021085
0.3990689958445728
0.5341133186011575
-0.044216292444616556
0.671088817936834
0.7396952654235065
0.1292298121843487
0.46334219256823417
0.2335086634120671
0.06361066555837169
0.44402252009604126
0.6651911327498965
0.06654477585107088
0.6943798025604337
0.3832846213481389
0.10239097964949906
0.44520660463604145
0.8006612127646804
0.7447225865907967
0.7137399569619447
0.7437710012309253
-0.009400621085660532
0.1195646361738909
0.8239308847114444
0.5689220358617604
0.26283163763582706
0.5342941820272245
0.13157221258734353
0.26379622565582395
-0.04958372353576124
0.2578698228462599
0.280937188261305
0.5076425454462878
0.11275174078764394
0.2928856235812418
0.4997262158431113
0.0066644251346588135
0.6351709236914758
0.34011430424288847
0.35486432300240267
0.2927008344850037
0.5159653643495403
0.7411203398223734
0.46016420298838057
0.7553379110759124
0.5699008519004565
0.3238358175440226
0.491355671081692
0.40147782675921917
0.2569314793217927
0.6869353791698813
0.48591801497968845
0.5904835216933861
0.5206092335283756
0.7045282382750884
0.5883429745590547
0.8569493787363172
0.51257328921929
0.7067423455591779
0.29958678703405894
0.271291495882906
0.5671651048905915
0.5833653338486329
-0.1867765302886255
0.09515575226396322
0.706643427722156
0.41652334755053744
0.6849054144695401
0.3787894176784903
0.4429493092466146
0.13327388756442815
0.2963547252002172
0.7206400951836258
0.5269178457383532
0.6141443008964416
0.6349248336046003
0.7616716949269176
0.3944437657482922
-0.01710592827294022
0.5111280838609673
0.7257418935187161
0.4288660029997118
0.3275753803900443
0.6855023485986749
0.3159938513999805
0.5753879592375597
0.5898323829751462
0.6660857698880136
0.6964649250730872
0.48478325665928423
0.5773855295265093
0.6743753309128806
0.7710646069608629
0.517013300297549
0.6517248615855351
0.11887322907568887
0.7076655603013933
0.6989324315218255
0.4199258633889258
-0.1540423664264381
0.4339585658744909
0.47839643738552695
0.6646382785402238
0.46340184193104506
0.4449534829327604
0.19292650936404243
0.5201831962913275
0.7037094720581081
0.7045876919291914
0.6368201677687466
0.7757334299385548
0.4612529077276122
0.5447136231232435
0.39232511981390417
0.5473831680137664
0.7539611756801605
0.5650284724542871
0.4465736239217222
0.8110000528395176
0.5420730891637504
0.19188249555008952
0.6402726894011721
0.3811273273313418
0.512426408866304
0.6945082584861666
0.45868117109057494
0.4402318419306539
0.1603372816753108
0.7471646170597523
0.5395202906802297
0.6544687626883388
0.6108141393633559
0.41232986932300264
0.5791469264950138
0.2138875428790925
0.3696161136031151
0.6152727374283131
0.6020920161390677
0.2769938253914006
0.19035144650842994
0.5223694196902215
0.4977705382043496
0.7747802777448669
0.86837208410725
0.3850271037372295
0.4849524931050837
0.4653736332547851
0.5527478054718813
0.44238594303897116
0.30359681154368445
0.5753280045464635
0.2929758979007602
0.2921166295418516
0.26154206914361566
0.7237607734277844
0.7648900921922177
0.4693441526032984
0.5010997613426298
0.37096362163720187
0.6421643720241264
0.30447973204718437
0.4505689993966371
0.4220831350539811
0.6517160718794912
0.6652052628342062
0.7308427589014173
0.3986976642627269
0.3433608366176486
0.23800785113417078
0.6043348079547286
0.4320514597930014
0.5908538534131367
0.7731502852402627
0.32840256523923017
0.761537035141373
0.8152303220704198
0.4488100573362317
0.7462882143445313
0.5883059096522629
0.37893452402204275
0.0833528998773545
0.8078214582055807
0.8260908871889114
0.5101856950204819
0.37012373481411487
0.7457516202703118
0.17536292609293014
0.679409412201494
0.7691183583810925
0.15477285627275705
0.49527040121756727
0.5686276333872229
0.5599094206554582
0.3024887513020076
0.7294660401530564
0.730883595708292
0.25863335898611695
0.2536587452632375
0.13823438301915303
0.5484321159019601
0.28245557204354554
0.4550397981656715
0.5826181562733836
0.7192855277098715
0.7302090845769271
0.8280414566397667
0.36800851808220614
0.6619968552113278
0.5543243509018794
0.08503124253184069
0.25158370251301676
0.406129248556681
0.15673296910244972
0.7236545151099563
0.5185362808406353
0.6667003891489003
0.8189060590229928
0.49561502831056714
0.8302079146378674
0.451591957884375
0.16477303016290534
0.7050072145648301
0.8763405792415142
0.024381572380661964
0.8273542071692646
0.5717754931538366
0.46941026812419295
0.6548072380828671
0.5772406827600207
0.7094687384087592
0.39178974568494596
0.5530910207016859
0.7187641630589496
0.33782438447815366
0.3869136393768713
0.6876421261113137
0.6243815778871067
0.8088383401045576
0.24321864871308208
0.7679898313945159
0.46355814443086274
0.4180518801076687
0.3455403340922203
0.008210282001527958
0.6246907357126474
0.3313349178060889
0.6823185747489333
0.10995981597807258
0.765716478927061
0.13719127816148102
0.444434242148418
0.6281060628825799
-0.0160695337690413
0.7942538084462285
0.6999906306155026
0.6948299838695675
0.8193680718541145
0.3089707257167902
0.5639859023503959
0.8380545428954065
0.14467831132060383
0.15239098109304905
0.6339988732361235
0.6211200011894107
0.36178824020316824
0.332947279792279
0.4378550865512807
0.7329708093748195
0.6737504457123578
0.8126150551252067
0.1766843443037942
0.24501409081858583
0.07705733786860947
0.2136043609061744
0.3671693564101588
0.7355106775648892
0.8002675035968423
0.6698819927405566
0.859390502795577
0.0685999293345958
0.37641446039197035
0.5722094650263898
0.2000014929799363
0.6207812095526606
0.7153265490196645
0.549009875045158
0.494341884739697
0.7271013809368014
0.3915690837602597
0.24547306215390563
0.35641574300825596
0.7390841954620555
0.2467942307703197
0.8064490782562643
0.23427707282826304
0.4676208369201049
0.6805192626779899
0.31657637853641063
0.6034390975546557
0.12520957810920663
0.7454170894634444
0.468326615577098
0.782779878936708
0.3319911331636831
0.74554682103917
0.6978099560365081
0.23059167549945414
0.6576893893070519
0.7948932354338467
0.6347655088175088
0.25400020874803886
0.7913630264811218
0.7503057802096009
0.17653311204048805
0.6682658134959638
0.8263175757601857
0.7429177682497539
0.5191032406874001
0.8412761009531096
0.24366411613300443
0.6611304942052811
0.6480261364486068
0.7028496200218797
0.6777008406352252
0.2940736803720938
0.4516050210222602
0.8536453351844102
0.8433807911351323
0.36377936735516414
0.49806648190133274
0.5004450406413525
-0.07900424925901461
0.7652694727294147
0.3479596101678908
0.6701711704954505
0.6231756382621825
0.6440156659955392
0.7677132449462079
0.7848760248161852
0.40321602392941713
0.7879683861974627
0.7939426536904648
0.8094474617391825
0.263234543352155
0.6405804933747277
0.2817634894163348
0.30890047235880047
0.651816782556125
0.18844241127953865
0.4154035276733339
0.3067032494582236
0.46766721038147807
0.3429059839982074
0.6812754280399531
0.7527399370446801
0.5844405220414046
0.5990570588619448
-0.17648568842560053
0.0176828302355716
0.7667781980708241
0.7184324851259589
0.7138476187828928
0.8075115666724741
0.2858310341180186
0.5375000949716195
0.4688394218683243
0.3833343894802965
0.36472332902485505
0.2755524398526177
0.8363231159746647
0.8433002391830087
0.6454745251685381
0.328813043422997
0.5218028442468494
0.6365491714095697
0.5014477795630228
0.24162036068446469
0.2718985494138906
0.5202367541496642
0.6782523036235943
0.46154171554371715
0.444478694407735
0.29483872576383874
0.5814615776762366
0.4551173396175727
0.5316960683558136
0.7371818974497728
0.5082529001520015
0.3810635218396783
0.8191885383566841
0.5379760040959809
0.17682101679383777
0.23402520682429895
0.8104609821457416
0.790268175303936
0.6706695014145225
0.3812602059915662
0.3482801148784347
0.2569797798350919
0.30413994612172246
0.6104482446971815
0.46752347314031795
-0.1832846358884126
0.6396473751083249
0.7978127524256706
0.4419389911927283
0.8772833896800876
0.8263267502188683
0.7261902227764949
0.16443737089866772
0.20323103863483993
0.42751950677484274
0.27309351839357987
0.6346534406329738
0.42876741592772305
0.8511160537600517
0.8143012379296124
0.29410513809125405
0.8128553973510861
0.617109599232208
0.8940964750945568
0.4610535367683042
-0.12941265224071685
0.6760654673125828
0.5169262142735533
0.15696339029818773
0.026279355341102928
0.671073521283688
0.5284624509804416
0.7241052532626782
0.4787115235812962
0.730155159602873
0.5313187805295456
0.40833162050694227
0.7050355536630377
0.19592881546122953
0.6944280408788472
0.6753250225447118
0.8058289226610214
0.6642866055481136
0.5022253550123423
0.43970693202572875
0.40903468773467466
0.10619322757702321
0.1918175215832889
0.4318808432435617
0.7350048403022811
0.8138915821909904
0.45763510931283236
0.6462053870782256
0.1841041308362037
0.6055933578172699
0.1381684492516797
0.5156039325520396
0.34935487210168503
0.5253736417507753
0.30701486696489155
0.18421782422228716
0.0007299323660845403
0.24909122762619518
0.5155982415890321
0.5261828007933218
0.2860735379217658
0.5755242062368779
0.4676005722867558
0.47566738398745656
0.6576239365094807
0.4106433333363384
0.4968194009270519
0.6612732544890605
0.5196146829694044
0.6394078746670857
0.04804645758122206
0.6757033294998109
0.14997129968833178
0.5525684391905088
0.6894777552224696
0.8443386927247047
0.4940412978758104
0.46577979205176234
0.5037387507036328
0.6834200076991692
-0.006338431383483112
0.6744841919280589
0.5675138768856414
0.35250446933787316
0.3025411353446543
0.16608930341317318
0.6356480323593132
0.20854864973807707
0.49542138434480876
0.5452172255609185
0.41293659759685397
0.32069373127887957
0.5113253097806592
0.7287857106421143
0.835303227417171
0.5728777603362687
0.2675172642339021
0.5348457277286798
0.6486450748052448
0.4375417656265199
0.7953285107796546
0.6722344178706408
0.6117850178852677
0.776232197182253
0.32460828112380113
0.5097641671309248
0.13548997879843228
0.4496460795926396
0.20765343160019256
0.3484795036492869
0.23228243860648945
0.2677033583750017
0.4168792418204248
0.575840245190193
0.2180093204951845
0.625373840201064
0.7506227414123714
0.7956807150039822
0.6500757411122322
0.6882158741354942
0.3541279500350356
0.6191731311264448
0.6287970666307956
0.7627525855787098
0.8150277235545218
0.3493372241209727
-0.14553027809597552
0.42730392288649455
0.3472126321285032
0.3422674032044597
0.2824289866257459
0.3940228900319198
0.31693644278129796
0.6933969454839826
0.5193593317089835
0.3065140375692863
0.13960384647361934
0.23629799838818144
0.5202672742307186
0.5420182725647464
0.519009094015928
0.723010532092303
0.35167911916505545
0.0032075531780719757
0.14710700974683277
0.3720091563736787
0.5944503505306784
0.6288556763902307
0.4338242085359525
0.6102105644531548
0.4925389034906402
0.506390244117938
0.19330881885252893
0.565221420431044
0.39134066631959286
0.3846081718947971
0.5629110230365768
0.05689084040932357
0.828428738983348
0.6112000956200063
0.4985008845105767
0.6986054186709225
0.5615629702806473
0.8047216273844242
0.251579011855938
0.7362008257769048
0.43425626773387194
-0.15159818311803974
0.512309022131376
0.3655504636117257
0.5346591458655894
0.30613063053169753
0.7056835431139916
0.7795916115865111
0.7531681889668107
0.8625562973320484
0.6207996336743236
0.6887844138545915
0.34302614541957155
0.26912937907036394
0.20161736315640155
0.6146030542440712
0.4117595332209021
0.12753346943645738
0.6823528246022761
0.5692185022635385
0.3910015521105379
0.7506492901593447
0.7317639023531228
0.5033473749062978
0.5934359544189647
0.7379748672246933
0.5315076819388196
0.20946809538872913
0.764306228607893
0.7611044417426456
0.8407826786860824
0.5897858446624014
0.48497092933394015
0.7632071348489262
0.7363034663721919
0.6063707105349749
0.5119011722854339
0.6878131928388029
-0.22729021543636918
0.6115145770600066
-0.015942055280902423
0.28128179245686624
0.5235573406971525
0.5437049031897914
0.03803176389192231
0.5606695520691574
0.8285039095208049
0.3368623425485566
0.6012825022917241
0.7122053925413638
0.7048158026300371
0.7131004311377183
0.4228444630280137
0.3508806983008981
0.3874875127803534
0.3864697305834852
0.3634034945280291
0.07652275741565973
0.30049714248161763
0.06561463870457374
0.6136261892970651
0.41333027952350676
0.43514407344628125
0.08475737046683207
0.6806488147121854
0.6675428960006684
0.743347296025604
0.20271446742117405
0.32645909971324727
0.5552801731973886
0.5280944518744946
0.6276746711228043
0.6972650251118466
0.5555041481275111
0.3896225421485724
0.17623598070349544
0.7296234316600021
0.49093992123380303
0.4729332627612166
0.4685476649174234
0.39115915435831994
0.67609992926009
0.4387698510836344
0.6455221939831972
0.6004525603493676
0.4739743615500629
0.7178521602181718
0.5715035999601241
0.26233504358970094
0.563125575237791
0.34692364872898906
0.8008675957098603
0.7240513686556369
0.2972836059634574
0.27570557410945185
0.7555354601936415
0.5186748867854476
0.10689985923818313
0.19722972408635542
0.16223958510090597
0.654838492439012
0.22648934173048474
0.38159998548508156
0.03032464743591845
0.10222286457428709
0.6698071530554444
0.47771695733536035
0.6825181583408266
0.764174432028085
0.5174782918766141
0.4125060165533796
0.697992975692614
0.19497714668978006
0.6127119002630934
0.776402161893202
0.4885804692748934
0.39111738213250646
0.17546546878293157
0.5167951199691743
0.7023736909250147
0.6814418663270772
0.8227924243547022
0.2190852256026119
0.028272072464460507
-0.058474310200836044
0.17058024040306918
0.5225522314431146
0.5831373210530728
0.6694826521634241
0.3515581482788548
0.6207734702620655
0.7549277180805802
0.6195357313845307
0.65667564724572
0.7962412559863878
0.8253600022289902
0.7919393498450518
0.41085665838909335
0.5176438117632642
0.8003225736320019
0.5509089552797377
0.05581597158743534
0.4904150537622627
0.4304671689751558
0.6963351205922663
0.26215650769881904
0.7769648890243843
0.6084835819201544
0.3661793163046241
0.23170511092757806
0.3260086039081216
0.19952344649937004
0.050467493070755154
0.15602586313616484
0.37820681600715034
0.5706428100820631
0.7277562495437451
0.7341507417149842
0.6311255311593413
0.14519157214090228
0.6354202143847942
0.47614374244585633
0.02506900718435645
0.5062732220394537
0.28568892377370503
0.2872509192675352
0.5582385839079507
0.5353747291082982
0.7065379093401134
0.7759207263588905
0.8183910334482789
0.7406995040364563
0.5317417467013001
0.13743255520239472
0.12882309616543353
0.5886546296678716
0.5150597163010389
0.7500445304904133
0.15067722802632488
0.6745459881203715
0.44440021314949263
0.8058656700886786
0.4537178799510002
0.679861587297637
0.32895676454063505
0.511072774475906
0.80274223908782
0.4240226021502167
0.49715318193193525
0.6723772459663451
0.8095580809749663
0.25227237796934787
0.3648356245830655
0.6314868172630668
0.7769022916909307
0.7320705358870327
0.6072016542311758
0.8096513487398624
0.5108292475051712
0.05641834939888213
0.6164373189676553
0.7477167714969255
0.5826453875924926
0.5412814530427568
0.6362472793953202
0.5813600260298699
0.4957084822235629
0.7944475328549743
0.5249545507831499
0.5408844929770567
0.10659065202344209
0.08654392324388027
0.18585474228893872
0.6623658519238234
0.25388226337963715
0.4568064024206251
0.08521016562008299
0.648599841282703
0.2323646906297654
0.49955939713981934
0.6381071273353882
0.47129126943764277
0.5407741924937
0.41957763087702915
0.08116642432287335
0.7650594115257263
0.46605389460455626
0.620678900857456
0.5725991891231388
0.08826708531705663
0.5883579566143453
0.1931906891404651
0.3641541841789149
0.7084130774310324
0.34178329043788835
0.6184971327893436
0.592658918700181
0.7924934283364564
0.3396157623938052
0.7572586322057759
0.4121180697111413
0.41288148082094267
0.2551866158028133
0.8025882719666697
0.3189230060088448
0.8071266473270953
0.5711681393440813
0.250744729914004
0.5629285695031285
0.7584997511003166
0.5268121737753972
0.671782119643467
0.5521653437463101
0.8209293740801513
0.700635168061126
0.3122447968926281
0.45981312019284815
0.514580910676159
0.48153891126275994
0.46967356227105483
0.30739961797371507
0.3216232038103044
0.7024583315942436
0.39596242050174624
0.5327419881359674
0.7067454273928888
0.8126501864753664
0.4425020460039377
0.15252253871585708
0.5123491457197815
0.6593733448535204
0.6712261225038674
0.2657623919658363
0.6432100730016828
0.5590368828270584
0.6726539363153279
0.7243941456254106
0.5984366779448465
0.441477769985795
0.5146349888527766
0.5451070808339864
0.14100278486148454
0.7519024148350582
0.48302069361670874
0.6256871945515741
0.38395136428880505
0.38169261114671826
0.5176899563521147
0.48906193231232464
0.4463267181708943
0.28054472658550367
0.4207537088659592
0.49614391493378207
0.20063912129262462
0.5668000984296668
0.5283250025822781
0.5323537606745958
0.1983825759962201
0.3551433468237519
0.6409296981146326
0.5671969165559858
0.5054713283898309
0.4121331990463659
0.7550356076098979
0.8253708640113473
0.31999899074435234
0.5105466645763954
0.32381656079087406
0.39468015544116497
0.6498587203823263
0.6527135728101712
0.49015732761472464
-0.0112919015227817
0.46012190030887723
0.43280378765484784
0.42083388729952276
0.3760863747447729
0.6023588330717757
0.6603238915558904
0.7914263769780518
0.3094688432611292
0.5946043728035875
0.703209449769929
0.2767991983855609
0.866387824062258
-0.17798022861825302
0.48456358557450585
0.08621505019254982
0.5763754860963672
0.6169646768830717
0.5444292365573347
0.37224600900663063
0.4395631542429328
0.5292882452486083
0.5729658028576523
0.5733110600995133
0.7956473744707182
0.8010175118688494
0.41236409649718553
0.6934139104560018
0.6902163662016392
0.5036802927788813
0.3417725740582682
0.5485879429616034
0.32808120737900026
0.12340216897428036
0.17094846970576327
0.186498322582338
0.4588504285784438
0.6095582544803619
0.38406374817714095
0.7165231284452602
0.5785844801575877
0.6200056801026221
0.6169538812682731
0.6606027215602808
0.670770744793117
0.58110137633048
0.34428423124336405
0.36260967630369123
0.3765273346216418
0.31818590287002735
0.32493291422724724
0.7600052068009973
0.44189139889203943
0.6527046590053942
0.5236960449256003
0.6162436151062138
0.625996200949885
0.7011446976102889
0.5722311840654584
0.44169399127713405
0.8406602023169398
0.0163551528021344
0.7522103500086814
0.8523919116705656
0.430881604552269
0.7463445051616873
0.6656087136361748
0.449731574364705
0.7522102191578597
0.1414084838470444
0.388587067485787
0.8124407660216093
0.17296862974762917
0.524641823489219
0.38433932745829225
0.7725825654342771
0.39240716051426716
0.48444781405851245
0.47038149647414684
0.8624422326683998
0.833131056278944
0.837839582003653
0.09478955196391325
-0.11308716147323139
0.7750421250239015
0.7314003233332187
0.6695339167490602
0.585350155713968
0.2219598965602927
0.41535205440595746
0.4592994265258312
0.4686855375766754
0.7392327700508758
0.5558142436202615
0.7582084191963077
0.7563328037504107
0.18628298654220998
0.18928704701829702
-0.08094514239928685
0.6855065869167447
-0.18899043166311458
0.594420364825055
0.46181262261234224
0.3271184674522374
0.33319112570461584
0.495032645878382
0.685160109307617
0.19872427714290097
0.6939456156542292
0.7432566406205297
0.34513808286283165
0.049043275095755234
-0.04880056730326032
0.6344333300949074
0.6304423686233349
0.24793237050471362
0.1309905408124905
0.29856224125251174
0.5852560407947749
0.6230701138265431
0.5619418763089925
0.5067006808239967
0.39493811890133657
0.7253395051229745
0.7670608523767442
0.6615313712973148
0.08489404278225265
0.5789781488711014
0.5471273788716644
0.7893936976324767
0.3544950969517231
0.20077913452405483
0.7074520634487271
0.07613240374485031
0.5162621198105626
0.22202198376180604
0.31618411745876074
0.24833287185174413
0.41137024460476823
0.6880345189711079
0.2537075821310282
0.47827191825490445
0.5910511303227395
0.30055309547969955
0.2477787583193276
0.5812826375768054
0.14435550008784048
0.5503059504990233
0.6352820936590433
0.3716966847132426
0.6363712293677963
0.6650931996991858
0.2764108114206465
0.6176458221307257
0.30771467259910423
0.5439310113870306
-0.029761561658233404
0.6042163097299635
0.3337024307111278
0.6688362946733832
0.352813536679605
0.35387059637287166
0.06804356042994186
0.6844255224277731
0.48304648546036333
0.6812359461182496
0.5645996538223699
0.7063000681810081
0.29654939137981273
0.3856738712347578
0.6602266067638993
0.7431089323945343
0.5263446795288473
0.4928340020123869
0.5697994225192815
0.14202533318893984
0.3036694900947623
0.820902300067246
0.5131127621862106
0.42241676108096726
0.6016028915473726
0.3130023674602853
0.4112388452049345
0.6433807068970054
0.7003784035769058
0.629202272859402
0.28062564693391323
0.5201853660400957
0.6961120108608156
0.8036703648976982
0.40519315778510645
0.5249734266253654
0.38603521352342796
0.7010831077350304
0.5414663630072027
0.20714798249537125
0.34312654579116497
0.569140397477895
0.47213565732818097
0.44994247949216515
0.632556471391581
0.34763587871566415
0.13613423737115227
0.4483168303850107
0.48381269491801504
0.5997235015092883
0.17680459888651967
0.8280938647221774
0.4773718840442598
0.3326051535550505
0.4319931473437464
0.7427161252126098
0.615658453956712
0.6787825901992619
0.4368014368810691
0.6664738450199366
0.4735881498781964
0.4585308876412455
0.7134190502110869
0.19410186121240258
0.8242750810459256
0.28191587678156793
0.726148326182738
0.6761117832793389
0.7561937842983752
0.3334695399971679
0.6191389786545187
0.3977511850534938
0.4174539396481123
0.040502037038095295
0.4689628512423951
0.5526811254676431
0.3543821863422636
0.33478610537713394
0.6960550366784446
0.5742813763208687
0.6470425080042332
0.240181224711705
0.3309016703860834
0.4488234459422529
0.46258693985873833
0.6330622689856682
0.44711563270539045
0.6678846327122301
0.4408194024581462
0.12326517642941326
0.4680629848735407
0.636096133152023
0.5954450462013483
0.3877236992120743
0.6462155676490511
0.47608591316384263
0.2875089021399617
0.07886170991696417
0.5719358282804023
0.26658264826983213
0.5903300479985774
0.7918715332634747
0.6335848248236289
0.16583215433638543
0.6419808045902755
0.7238398666377179
0.3115499706400442
0.39961262606084347
0.3799219317152165
0.3954968191246735
0.40183296788018197
0.7023406379157677
0.2593773145490559
0.40806955995503813
0.6884182097855955
0.40471903295838274
0.23989939293824136
0.41296478046569973
0.4104257568178582
0.297182669484755
0.5465094796963967
0.33307665516622365
0.4085273505188525
0.32689151060185395
0.3941116355417762
0.11324053441057913
0.3712964197038673
0.36421051883371547
0.1891513546288479
0.4856501168105751
0.15891290141735226
0.3717935978784226
0.339860487045371
0.5813302214955911
0.1944104934373172
0.6255933452048339
0.3202652507752646
0.6102352739544585
0.6021609982708469
0.7389702391810715
0.36033157180645503
-0.006002344831358641
0.8385212421417236
0.28404300136025995
0.2283627483411692
0.7422456935746595
0.7103476978372782
0.8378634308464825
0.8298672344535589
0.2940795152098872
0.4912242460704874
0.6820134653244168
0.4204332763911225
0.5675706720503513
0.7164038954069838
0.6115149406250566
0.0213951526384335
0.6140678403025959
0.2740140985697508
0.4716565066482872
0.2472458790289238
0.6588242216967046
0.6195583952357993
0.5817512536305003
0.7044177679345012
0.5678017073078081
0.3547205529175699
0.7387059619650245
0.2724993856973015
0.40613320529519115
0.6474079165782314
0.3132323486643145
0.43656144430860877
0.5059695522650145
0.32214396190829575
0.2106341792969033
0.6798043030285044
0.6269743271113839
0.31402712195995264
0.7168244224740192
0.6134139699861407
0.5508796065405477
0.35129907421651296
0.704745152965188
0.5646477584668901
0.3776781763881445
-0.2646697231102735
0.5158817465999164
0.20805914951779414
0.45403813559096307
0.21595070959301665
0.6623357285279781
0.6873876480385661
0.4735051916795783
0.004981658072210848
0.3952490218653111
0.6564233012031764
0.7245550863444805
0.2636673250235617
0.6744444851065055
0.47523526509758085
0.19593565726245288
0.4032755114894826
0.35162205464439467
0.1283967356721405
0.4870528004830703
0.7069279672286939
0.3103758177603595
0.5560972673119977
0.5035468727583066
0.4312617056129966
0.3805024960747687
0.5586090547731146
0.3543526550056413
0.6827480471110903
0.6458157057641074
0.4801448884390993
0.7242144555784762
0.4354024948552251
0.23434048422495835
0.5444752650801092
0.7287854745518416
0.48875399422831833
0.5846154396422207
0.4386847029236378
0.7770179389044642
0.5355835033115
0.4993280387134291
0.563834304921329
0.6838446805486456
0.7309515243396163
0.6601197054842487
0.6601144894375466
0.48793816260877065
0.7390906566433841
0.7862394219264388
0.6459154122276232
0.6901304469211027
0.7007845737971365
0.5281290764251025
0.5745262275449932
0.19350830814801157
0.27566395211033523
0.5609784018015489
0.6271405169391073
0.16770789441943634
0.6703045172616839
0.09258869593031704
0.6963336123153567
0.3639972419477999
0.33925685088615865
0.5976628623902798
0.1588784095365554
-0.015489973506191745
0.5761510231532156
0.7138990212697536
0.7096388819627464
0.49378440843429416
0.6161015884717926
0.28519192180101527
0.5539843380101956
0.46244033239781857
0.2228363598114811
0.6186344806774287
0.6623631217516959
0.42705393582582474
0.683282540354412
0.646054420620203
0.6288554384373128
0.03880840924102813
0.745521089702379
0.47165336355101317
0.7885163836181164
0.5100147126795491
0.78716903962777
0.40553743788041174
0.6782830262673087
0.6004789161961526
0.786120519740507
0.6358333723037504
0.48310249391943216
0.5039928006881382
0.3971052055421751
0.5600606027874164
0.7368442969454918
0.6956342910416424
0.6265345410793088
0.641636191343423
0.7044455718132667
0.31763284758199006
0.2154404695611447
0.17784317844780162
0.27372572908643633
0.34685537466430105
0.6106427723279921
0.3195486520999111
0.03663839731598273
0.06264233286492527
0.5455053113400936
0.23101685188885313
0.23806476730533177
0.044234745611902326
0.42315965436864644
0.6154267961974256
0.3269170614221366
0.597177250252571
0.5762510987988207
0.4516500679019373
0.7672586493426934
0.618924836802762
0.6725010797381401
0.6661328265909106
0.7317016862070886
0.5386129715043353
0.314760098233819
0.48096327189705335
0.7510700849816203
0.11578115238808095
0.8167640371248126
0.6472216334659606
0.23989410209469497
0.4388648889143951
0.5161368575645611
0.14470826953765936
0.32777636632090434
0.2758073896402493
0.7559864728245884
0.7717528922948986
0.6226043578208191
0.1148979178396985
0.23461980104912072
0.5139193055219948
0.40983672736911103
0.031636557658202946
0.615650538704358
0.41296414006501436
-0.13888648073771037
0.5285927148652263
-0.0006257717031985521
0.6806885006371886
0.7325422265566885
0.8176265293732285
0.5805892745556775
0.500339019112289
0.5819695456884801
0.8283638386055827
0.4349794390727766
0.5231961670797318
0.019119518423394766
0.3836108442337718
0.5354243671463337
0.7527055237442255
0.2851863831747323
0.2444604025222361
0.21490834405994974
0.6617084852186963
0.6449163098004647
0.06266854357090779
0.44553845742484555
0.35187251136812847
0.588774396921508
0.452813932672143
0.6559634025034029
0.3116203235113062
0.5668654758483171
0.6067911255231593
0.12271571264136583
0.3053775204461999
0.579656588146463
0.44786586449481547
0.5909766286495142
0.7017166881414596
0.7271718999836594
0.2784708955150563
0.33876335596869467
0.7309529023477808
0.7022029053769074
-0.12909679487347603
0.5778442786540836
0.31319057289510965
0.6029412214411423
0.4917488992214203
0.7877835580147803
0.36044990771915764
0.592144989175722
0.863002635538578
0.6562734703475144
0.42185189528390765
0.41547100618481636
0.5369919266086072
0.7848598128184676
0.592061676812591
0.5581724597141147
0.7740324214100838
0.6378729367279448
0.3648965482134372
0.5677389028132893
0.4206261977960821
0.31562852766364813
0.6758812807966024
0.2733569795964286
0.6664132510195486
0.3402413704752689
0.5182749016676098
0.43278121488401666
0.4910704354988411
0.7465368609409779
0.7023481442593038
0.4352568859758321
0.17241421702783555
0.6554821038153023
0.6897022390912753
0.31040302477777004
0.6236751984688453
0.20730680518317968
0.771735027548857
0.6819298845948651
0.6596450977958739
0.5532005610875785
0.7423739875666797
0.15847196627873927
0.6023632261349121
0.4429446385911433
0.6784813080448657
0.5455232483218424
0.746092175366357
0.44221675815060735
0.8062315676361322
0.30949883337598294
-0.4734308744809823
0.3675748190144077
0.23563233483582735
0.12021756172180176
0.7041767884511501
0.7709121499210596
0.2979116697679274
0.6437580538913608
0.385329257696867
-0.044365552719682455
0.5471571241505444
0.4737567998818122
0.44435205032641534
0.7331432179489639
0.1496644441212993
0.4586287286365405
0.41481413738802075
0.7851308076642454
0.40074955439195037
0.6741635038051754
0.46393300709314644
0.8100961532909423
0.5273500407929532
0.6555942509439774
0.6657267942500766
0.13597341033164412
0.43806024570949376
0.1781063189264387
-0.10748149070423096
-0.025927364535164088
0.5693941296776757
0.35933892289176583
0.531521124066785
0.6595152854570188
0.4840541286394
0.7892106981016695
0.7826315243728459
0.6211172324838117
0.3458016816293821
0.41727166378404945
0.18374468143156264
0.7288376955548301
0.7159691589768045
0.16901310865068808
0.6322604104934726
0.5315788297448307
0.5666015909519047
0.5959507923980709
0.42081836302531883
0.7796178353019059
0.6326498611597344
0.49809638084843755
0.4482598748727469
0.738102397415787
0.402750042732805
0.5595645396970212
0.598823043750599
0.733391041168943
0.32148384518222883
0.5407951985835098
0.6554342061281204
0.609557923860848
0.44420747010735795
0.6914912895299494
0.5627878018131014
0.43903984381176997
0.807340997736901
0.11360046081244946
0.7236305554397404
0.4004912825766951
0.5753911872161552
0.8005349077284336
0.5351935587532353
0.5172156745247776
0.5851434012874961
0.051602091669337824
0.5521516020526178
0.803917623590678
0.31997543227043934
0.5428315147291869
0.7973524322733283
0.5375812786514871
0.6872768939938396
0.23236208263551816
0.09934407921537058
0.2987078900623601
0.41198463668115437
0.5346001964207971
0.5882460132124834
0.35861431155353785
0.7609041044488549
0.713037874782458
0.6362966972665163
0.4785032533109188
0.6011928122024983
0.5949088211928029
0.8436309359967709
0.6396597073180601
0.42776314468937926
0.820200739428401
0.6276607553008944
0.46004940336570144
0.7935426302719861
0.6630222061648965
0.6534127385821193
0.4779537848662585
0.49364179465919733
0.6583210579119623
0.35865547752473503
0.5074601304950193
0.6463109736796468
-0.03892691107466817
0.3508433951647021
0.6388389186467975
0.08334675314836204
0.5819754975382239
0.39900544358533807
0.37201510681188665
0.38131010747747496
0.10362006188370287
0.37218831694917753
0.29995743196923286
0.4907117154216394
0.7261007683118805
-0.04756550304591656
-0.07591924478765577
0.11055396156734787
0.7423985176719725
0.26420615502865985
0.6744909545523115
0.38731736899353564
0.2651654678338673
0.38817233976442367
0.6565602409245912
0.5025349061470479
0.8224704600870609
0.8282727440819144
0.44540595065336674
0.214684160950128
0.03721452574245632
0.13247052262886427
0.456468747346662
0.3327269562869333
0.5922181530186208
0.1473080546129495
0.7779056347208098
0.6764744638931006
0.5193179433699697
0.16512331599369645
0.6875580854248255
0.5304039398033638
0.5384122111136094
0.48871199364657514
0.5465552009627572
0.6772602903656662
0.585804759291932
0.6119978732895106
0.6984883174154675
0.3339382109552389
0.3463842358905822
0.42569117638049647
0.6349224045770825
0.4458901809703093
0.7230703748064116
0.41117147146724164
0.44003904156852514
0.17354544906993397
0.3414238231489435
0.42929590269341134
0.22767659410601482
0.24052730944822542
0.49616180470911786
0.5707120099104941
0.7547552632167935
0.7065128287940752
0.7525756943505257
0.6538336990633979
0.20885965070920065
0.30520306242397055
0.2883268622099422
0.7149499282240868
0.46087617916055024
0.20370234428264666
0.061451832283637486
0.4173439434089232
0.5505453067744384
0.2610260840447154
0.4276859670644626
0.7130659081158228
0.2958215165999718
0.5460095685848501
0.7671243061777204
0.5535043996060267
0.8200775706209242
0.35537514061434194
0.7794958921149373
0.736156277009286
0.7524805497378111
0.5190741469850764
0.7374043175950646
0.28306903238990344
0.6870146106230095
0.5070181260816753
0.7753747228998691
0.5024674303131178
0.47102975856978446
0.883297978900373
0.394815469160676
0.7466063420288265
0.1969914537621662
0.6881389546324499
0.3225822692620568
0.4243861230206676
0.6782420959789306
0.6045576464384794
0.5362587628187612
0.5324523207964376
0.48681939297239296
0.7932593543082476
0.18793168483534828
0.658285039011389
0.7484684251248837
0.7814164379087742
0.6515242800815031
0.7368405442684889
0.7383908999618143
0.47831055682036094
0.40593995079689194
0.5549996038898826
0.6729245119495317
0.46983584691770375
0.4333401280455291
0.4273356102639809
0.4699596934951842
0.784933540970087
0.6476009013131261
0.3521351309318561
0.5672329074586742
0.7956314077600837
0.7181022597942501
0.6818999624811113
0.5884504234418273
0.5688556262175553
0.770928282989189
0.31770245998632163
0.4349594620289281
0.26886105979792774
0.3991567169287009
0.41121408622711897
0.516502461861819
0.3635521456308197
0.5290456732036546
0.6318609564332291
0.4180600556428544
0.0981046122033149
0.38915294376784004
0.8686050232499838
0.5457434097770602
0.5063339602202177
0.7103245213365881
0.7117536277510226
0.7353938795422437
0.3142356212483719
0.8020754514727741
0.3108741615433246
0.38615478156134486
0.24751347722485662
0.11551794534898363
0.5700634822715074
0.5105147655121982
0.63372134254314
0.07630996312946081
0.6099185864441097
0.3494358204334276
0.7080482866149396
0.82424750411883
0.41316740249749273
0.7140877719502896
0.44916287111118436
0.49323902663309127
0.3001575383823365
0.7568986709520686
0.82769157551229
0.6921082487388048
0.7442859807051718
0.5572290112031624
0.5050870468840003
0.5325997368781827
0.6400853244413156
0.5962958940071985
0.8127334422897547
0.6863220335799269
0.33016684697940946
0.5122513469104888
0.46993624986498617
-0.13992285792483017
0.8080261436989531
0.6062458992237225
0.8414658876135945
0.6507686576806009
0.3860474177636206
0.7442944362992421
0.8998412555083632
0.3005356462672353
0.4400076328747673
0.3878466523019597
0.697632058057934
0.2857866086997092
0.4264418340753764
0.6964058357989416
0.8338436069898307
0.7462889903981704
-0.14430667459964752
0.5768953174701892
0.4597863297385629
0.8597427499480546
0.654030033852905
0.3371367022045888
0.59371701721102
0.649039334646659
0.7883304467977723
0.9096605898812413
0.49734145461115986
0.33092770184157416
0.4480515932664275
0.5315981817257125
0.39004382211714983
0.8184799654409289
0.5062669811304659
0.5997366976807825
0.12626767350593582
0.5755594514484983
0.7358753284206614
0.25678624637657776
0.5923770646913908
0.8111711903475225
0.7018614928238094
0.5199619450140744
0.8237553518265486
0.35996693844208494
0.5590798475313932
0.07598099717870355
0.731788722332567
0.13380333018722013
0.3212685724720359
0.18722401039121905
0.2707977055979427
0.7174725016811863
0.6108805658295751
0.5358449006453156
0.6655190510791726
0.3468939096928807
0.5420702783449087
0.7233817200176418
0.3111037586495513
0.6578142998041585
0.5283137909209472
0.618077936116606
0.05526497820392251
0.6376649921003263
0.06591008324176073
0.21542981109814718
0.33133165584877133
0.7833238425664604
0.5055863666930236
0.46848717020475306
0.6417322410270572
0.5756659293547273
0.5713843964040279
0.5680889594368637
0.20521225174888968
0.5278911348432302
0.7907069479115307
0.5309722296078689
0.9014480328187346
0.6887753184710164
0.5048328328412026
0.8573160516098142
0.802319323644042
0.6735493995947763
0.7557628648355603
0.8106086445041001
0.6362404743558727
0.776247250061715
0.5347509138518944
0.4038520965259522
0.5431176968850195
0.38559433771297336
0.49244342325255275
0.4467715402133763
0.8191139125265181
0.8480559941381216
0.36283287151309196
0.7584088095463812
0.22982195625081658
0.3800262090517208
0.7631994247203693
0.48966337757883593
0.48119294972275384
0.5151299338904209
0.48776860488578677
0.7074096207506955
0.2497412373777479
0.23776380205526948
0.45418785931542516
0.5316628549335292
0.6205721260339487
0.4728271635249257
0.590535646682838
0.19437138212379068
0.6804307401180267
0.5793431305210106
0.5459023976000026
0.5712982648983598
0.7707752925343812
0.8136493996717036
0.14695255196420476
0.1253639047499746
0.25110933420364745
0.37175251758890226
0.4524795229372103
0.3885654913901817
0.1381084514723625
0.4256675708456896
0.6324924846994691
0.7225560545921326
0.47004763572476804
0.4619780785869807
0.4437878297176212
0.0664057619869709
0.6053102880832739
0.4522743877314497
0.6691845323657617
0.7008073175675236
0.48897720919921994
0.3151670357910916
0.36266274529043585
0.6672664735815488
0.5432142085555824
0.5833389742765576
0.5461744496424217
0.2806811071932316
0.49496106745209545
0.42656460178113775
0.7242214084835723
0.45910509559325874
0.5583623044658452
0.6187711284728721
0.16966781724477187
0.8608808391727507
0.41073971963487566
0.5055967930238694
0.43899223022162914
0.7385332946723793
0.07196355937048793
0.7875415673479438
0.4017700063996017
0.5905173061182722
0.3404457892756909
0.4727681726508308
0.6243986180052161
0.028043972444720566
-0.19488031254149973
0.602229168638587
0.4313586405478418
0.39762147644069046
0.23950444975343999
0.3561536225024611
0.571621425828198
0.16258567530894652
0.5954746503557544
0.5124140718253329
0.5264761564321816
0.047851231531240046
0.23463010336854495
0.009244863700587302
0.2662303341203369
0.34932617540471256
0.2801480055786669
0.7034443753072992
0.6050986148475204
0.6610019595827907
0.40851479722186923
0.28977944323560223
0.6729919104836881
0.58629496966023
0.18813090055482462
0.2683285769162467
0.39412707202427555
0.16784740705043077
0.8648209241218865
0.7212788766482845
0.41438627429306507
0.21495772618800402
0.6482653898128774
0.6605409113690257
0.5803310766350478
0.5155154232634231
0.2004210443701595
0.45457040358451195
0.7507117538480088
0.7477496820501983
0.8061553933657706
0.5636938696115976
0.24279662128537893
0.3241682389052585
0.568419354269281
0.7995830117724836
0.4761917616124265
0.4579255902208388
0.4792387340858113
0.47065547155216336
0.08041215925186407
0.08635553671047091
0.636990534432698
0.18826808154699393
0.30509340968274046
0.6352263385197148
0.7121078708441928
0.4589558565057814
0.5696416718419641
0.7108586959075183
0.12602680212876294
0.25949133024550974
0.49866224551806226
0.14120973949320614
0.2616829968756065
0.8111325276549906
0.6418742228415795
0.7372994595207274
0.8017803826369345
0.5602373576257378
0.4963490779045969
-0.003143243055092171
0.5326799345784821
0.5374291320331395
0.015330235473811626
0.6320580031897407
0.3644492060120683
0.36527776351431385
0.5961319350171834
0.4485959105659276
0.5999184205429628
0.6199061826337129
0.3530520966742188
0.6746540436870418
0.034143921453505754
0.4545344148064032
0.6324008902447531
0.16902537691930775
0.49125689291395247
0.2113527381734457
0.6727780688670464
0.5155382021330297
0.4194796138035599
0.7210660602431744
0.5371515773585998
0.664198487997055
-0.13472497364273295
0.5597139268065803
0.8850870653986931
0.6633369103074074
0.0650336169055663
0.19832933059660718
0.12985295849648537
0.16184118029195815
0.3885415261029266
0.08717787242494524
0.16156966530252248
0.5881328973919153
-0.3026650962419808
0.6903373746317811
0.4359863899589982
0.6113446794915944
0.37763496208935976
0.6608149348758161
0.5214787281583995
0.3720811276580207
-0.17787223358755
0.655949077103287
0.4856983061763458
0.3528546702582389
0.19986811900162138
0.6004320665961131
0.13058579244534485
0.19754497839312535
0.4537529763765633
0.32534882429172285
0.3185669829836115
0.429166411049664
0.3695371609646827
0.473861503880471
0.4709574644220993
0.8161227082600817
0.33620016535860486
0.6154880019894335
0.3878703893569764
0.4807380319107324
0.5906318554989411
0.666901424410753
0.48565748089458793
0.38398290099576116
0.598993016872555
0.6267147876787931
-0.04609368147794157
0.4626810890622437
0.5671563681680709
0.7347753595095128
0.6769264601171017
0.7314908253028989
0.39150753122521564
0.7143665349576622
