10.830514907836914
9.130802154541016
6.448628902435303
9.321311950683594
4.706890106201172
7.798347473144531
7.148460865020752
12.154626846313477
5.402666091918945
7.613348960876465
7.383413314819336
6.511260032653809
5.016537666320801
4.558805465698242
8.183087348937988
7.382965564727783
8.260647773742676
8.534416198730469
4.245275497436523
13.81908893585205
6.7247819900512695
6.876935958862305
4.825169086456299
7.831618785858154
6.046702861785889
9.00357723236084
4.639926910400391
3.42628812789917
7.663886547088623
5.879048824310303
8.813142776489258
12.528300285339355
4.666754245758057
10.414241790771484
9.832071304321289
8.35612678527832
8.75661849975586
9.991597175598145
8.607434272766113
10.730766296386719
9.647150039672852
7.527683258056641
15.440908432006836
9.194023132324219
8.627095222473145
9.659429550170898
8.317157745361328
9.265046119689941
10.54939079284668
12.224469184875488
5.6609392166137695
10.612546920776367
9.386652946472168
9.98268985748291
5.163516998291016
7.3428497314453125
4.493977069854736
8.251548767089844
8.796770095825195
4.955483436584473
8.282609939575195
12.90645980834961
9.240091323852539
8.367776870727539
14.443076133728027
7.944880962371826
10.116108894348145
8.485858917236328
6.384533405303955
6.055314540863037
7.510078430175781
10.244853973388672
5.914980888366699
8.31432819366455
8.808388710021973
8.112386703491211
11.885236740112305
11.804546356201172
12.3973970413208
11.79839038848877
9.681863784790039
9.109537124633789
14.762399673461914
5.736652374267578
7.414183616638184
9.7450532913208
8.385618209838867
8.062225341796875
8.04683780670166
6.1742262840271
4.459857940673828
7.119081497192383
5.9909749031066895
5.81670618057251
7.553421497344971
8.910262107849121
6.317104339599609
7.709601879119873
6.6802191734313965
7.56199836730957
6.265954971313477
8.278830528259277
6.985137462615967
6.834194660186768
4.8395209312438965
2.8694844245910645
4.572134971618652
5.216614246368408
10.325543403625488
6.834019184112549
6.598433017730713
3.967679023742676
9.777908325195312
8.316656112670898
7.679746627807617
6.636740207672119
9.821614265441895
10.804635047912598
10.613868713378906
11.699636459350586
13.44658374786377
10.700035095214844
11.945858001708984
10.365291595458984
11.405830383300781
6.428896427154541
8.208497047424316
7.128666877746582
4.5025634765625
7.037578105926514
4.914891242980957
11.165932655334473
11.27054214477539
8.28542423248291
6.794958591461182
6.483654499053955
7.283748149871826
8.034441947937012
9.482301712036133
6.347611427307129
8.10012435913086
10.47711181640625
7.328299522399902
8.270057678222656
9.158084869384766
8.217019081115723
7.841658592224121
5.800073623657227
4.859424591064453
4.187955379486084
12.936354637145996
13.22368335723877
10.11994457244873
11.513257026672363
10.820666313171387
10.30112075805664
11.043644905090332
6.272101402282715
7.549916744232178
4.223428726196289
4.583469390869141
10.31216812133789
12.89854621887207
9.7173490524292
10.742526054382324
8.745163917541504
12.737953186035156
6.174334526062012
10.232226371765137
7.646835803985596
11.469381332397461
5.08522367477417
6.5956807136535645
10.03951644897461
11.38228988647461
9.668182373046875
9.70225715637207
4.839755058288574
6.219594478607178
11.15445613861084
4.913061141967773
8.514616012573242
6.619680881500244
5.769222736358643
4.192920684814453
8.516345977783203
5.780872344970703
6.449359893798828
7.224071025848389
5.6916680335998535
2.7500879764556885
7.762458801269531
16.054285049438477
8.473305702209473
4.932188510894775
5.477981090545654
9.410547256469727
9.123851776123047
5.284530162811279
7.475067138671875
6.167327404022217
4.229640483856201
4.018148899078369
4.8692097663879395
7.56141996383667
4.700827121734619
5.412214279174805
7.3239593505859375
11.57767391204834
7.335902214050293
9.703117370605469
7.957178115844727
6.055121898651123
6.879417419433594
10.745985984802246
8.281638145446777
6.074487686157227
7.383901596069336
5.172418594360352
9.086015701293945
6.736710548400879
8.396430969238281
5.484854698181152
5.7502617835998535
7.9557414054870605
12.403515815734863
9.947763442993164
8.023112297058105
12.28758716583252
10.936158180236816
7.739206314086914
10.400895118713379
8.657354354858398
9.350409507751465
8.491511344909668
8.452688217163086
9.012277603149414
12.100922584533691
5.995628356933594
5.2067484855651855
8.63454818725586
11.640485763549805
6.691390037536621
5.393760681152344
10.116865158081055
8.207859992980957
5.61069393157959
9.122509002685547
5.770111083984375
5.400729656219482
8.015299797058105
6.391020774841309
4.997278690338135
6.5087738037109375
9.366226196289062
10.905763626098633
10.927095413208008
8.733135223388672
6.978518009185791
8.639039039611816
9.610517501831055
7.009127616882324
6.256426811218262
7.060808181762695
7.194977760314941
6.659998893737793
4.209800720214844
7.1153178215026855
6.465914249420166
6.910489559173584
5.690713405609131
2.4228601455688477
2.4885759353637695
4.730841636657715
3.1389341354370117
8.952774047851562
3.8449137210845947
4.425107955932617
9.750325202941895
7.584970474243164
5.997485637664795
10.337298393249512
7.800929069519043
6.774348258972168
6.57403564453125
7.731228828430176
6.939694881439209
5.726447105407715
10.58220100402832
5.099743843078613
5.590984344482422
10.714170455932617
5.838324069976807
7.4998884201049805
5.99998140335083
7.922490119934082
5.156727313995361
8.363574028015137
9.804084777832031
7.306485176086426
11.822283744812012
9.952323913574219
10.031606674194336
8.983698844909668
9.569673538208008
7.469243049621582
9.698504447937012
11.237613677978516
5.902266979217529
9.935120582580566
6.025660037994385
6.10912561416626
5.870724678039551
6.284026145935059
7.353582859039307
9.894584655761719
5.089831829071045
6.177248954772949
9.83650016784668
5.6768293380737305
12.144872665405273
8.467373847961426
8.479026794433594
8.72838306427002
7.700949192047119
9.584442138671875
8.884708404541016
10.140186309814453
7.818889617919922
11.499573707580566
5.970021724700928
8.34169864654541
5.848757743835449
10.896709442138672
5.351262092590332
7.522271156311035
11.342809677124023
8.699387550354004
9.36268424987793
10.550676345825195
8.74527359008789
6.286052227020264
7.018179893493652
6.575993537902832
10.284507751464844
5.467599868774414
3.8216426372528076
6.441382884979248
6.989636421203613
7.945864677429199
7.365898609161377
7.1026763916015625
14.454891204833984
8.538431167602539
8.025857925415039
11.223652839660645
8.119478225708008
6.412969589233398
9.567684173583984
6.6855974197387695
12.00931453704834
7.382414817810059
9.940268516540527
7.4861555099487305
8.120311737060547
6.744691848754883
6.558294773101807
5.089482307434082
7.129842281341553
8.42212200164795
4.759183883666992
7.601611614227295
7.506443023681641
10.297113418579102
5.247575759887695
4.474012851715088
5.609583854675293
8.309685707092285
4.470921993255615
10.911301612854004
3.579859733581543
6.126358509063721
4.376256942749023
8.861068725585938
3.720777750015259
9.940113067626953
3.2439112663269043
9.643831253051758
5.446576118469238
7.289677619934082
10.713451385498047
5.335817337036133
5.8558220863342285
12.712910652160645
8.228653907775879
10.481138229370117
7.261778354644775
7.877341270446777
8.159154891967773
7.6678876876831055
3.06539249420166
9.230748176574707
7.09494161605835
6.39082670211792
6.886248588562012
7.571857929229736
9.033483505249023
9.130197525024414
7.849060535430908
5.709875106811523
7.894351959228516
5.021421432495117
5.346358299255371
7.500951290130615
8.078306198120117
12.456265449523926
6.627288818359375
6.107597351074219
6.589920997619629
4.77379035949707
6.0832695960998535
4.224480152130127
10.747035026550293
6.264698028564453
4.761507987976074
3.805727005004883
7.4314680099487305
7.35545015335083
9.673508644104004
7.978816509246826
10.435209274291992
7.362369537353516
8.38890266418457
8.98001480102539
8.687775611877441
16.609947204589844
5.84094762802124
9.192143440246582
7.770880699157715
6.640421390533447
7.375283241271973
11.192937850952148
10.411941528320312
9.304283142089844
6.755637168884277
8.740957260131836
9.578481674194336
6.65266227722168
10.258493423461914
7.919284820556641
6.501321315765381
5.595498561859131
8.634947776794434
3.651662826538086
6.39124870300293
4.604040145874023
9.938852310180664
7.178461074829102
6.640987873077393
9.027007102966309
10.207045555114746
9.627381324768066
8.320002555847168
6.441959857940674
10.233846664428711
4.5960917472839355
9.467242240905762
8.406206130981445
6.694701194763184
14.309825897216797
8.487692832946777
6.993398666381836
6.568288326263428
11.670769691467285
8.564031600952148
6.902507781982422
7.740714073181152
8.218066215515137
6.273823261260986
7.923818111419678
8.047025680541992
6.024243354797363
10.722424507141113
7.520779609680176
12.39175796508789
8.256268501281738
7.122305870056152
9.587946891784668
5.9924139976501465
7.32772159576416
6.043353080749512
7.823294639587402
7.7334136962890625
5.801725387573242
4.8652825355529785
6.698587417602539
8.847617149353027
7.3616790771484375
4.709344863891602
8.497499465942383
5.868121147155762
9.258916854858398
10.958929061889648
9.449519157409668
10.75920581817627
15.203994750976562
12.52148151397705
9.715576171875
11.062828063964844
9.063068389892578
11.512707710266113
12.854698181152344
8.729401588439941
9.065078735351562
9.243974685668945
12.39650821685791
5.723013401031494
6.230165481567383
6.486608982086182
6.249152660369873
7.097930908203125
5.639586448669434
11.901885032653809
4.529078483581543
3.487415313720703
7.489360809326172
4.436579704284668
6.908943176269531
7.890191555023193
4.311295032501221
9.279541015625
5.1665496826171875
5.066580295562744
3.5842859745025635
6.140214920043945
6.075323581695557
6.827929496765137
4.941307544708252
3.840106964111328
9.054142951965332
7.498607158660889
5.102593421936035
7.3053717613220215
4.674372673034668
6.874792575836182
6.782572269439697
7.173178672790527
4.39995813369751
8.616255760192871
11.827588081359863
7.611814022064209
5.01716423034668
3.6570701599121094
8.836854934692383
5.730082988739014
11.120083808898926
9.001972198486328
4.534351348876953
9.631305694580078
4.173097133636475
5.598944664001465
4.191941738128662
5.456953525543213
8.029709815979004
4.693864345550537
9.083988189697266
4.000830173492432
8.207205772399902
9.634794235229492
6.489732265472412
9.87343692779541
10.248255729675293
12.2510347366333
11.259626388549805
7.049779415130615
10.207718849182129
9.364274024963379
13.389510154724121
10.801687240600586
10.031731605529785
13.131951332092285
6.652797698974609
8.784964561462402
11.21252155303955
7.504560470581055
8.276863098144531
6.69105339050293
6.283659934997559
5.925485134124756
5.65097713470459
5.893703460693359
10.439873695373535
13.760461807250977
3.943793296813965
4.39763069152832
5.269424915313721
8.613810539245605
8.408056259155273
11.537500381469727
5.467774868011475
7.047703266143799
12.45981216430664
8.452531814575195
9.005373001098633
12.537312507629395
5.87497091293335
10.711078643798828
9.334033966064453
9.317995071411133
7.658186912536621
7.247659683227539
4.562198638916016
9.465350151062012
4.251771450042725
4.627506732940674
4.014238357543945
5.936073303222656
9.434922218322754
6.162942409515381
4.487799167633057
9.56921672821045
14.13669490814209
6.487084865570068
5.606649875640869
13.204864501953125
8.227960586547852
8.465960502624512
9.160390853881836
8.347577095031738
10.658048629760742
6.796736717224121
6.187802314758301
4.905325412750244
9.24634075164795
10.954984664916992
6.793354034423828
6.799452781677246
10.678535461425781
7.734021186828613
5.931516647338867
8.313888549804688
4.972970962524414
10.888596534729004
10.208367347717285
9.50544261932373
10.258360862731934
5.9620537757873535
5.922634601593018
6.445348739624023
4.140348434448242
10.847025871276855
9.287349700927734
7.076873779296875
6.394934177398682
11.823266983032227
4.178951740264893
6.199613571166992
9.437849044799805
7.983239650726318
7.764588356018066
5.274940013885498
10.759539604187012
6.423792839050293
8.083328247070312
5.769217491149902
5.316957950592041
11.468647003173828
9.849833488464355
7.4610137939453125
12.74882698059082
9.777076721191406
6.361825942993164
6.884766578674316
7.957495212554932
12.703804016113281
7.157119274139404
7.9412689208984375
6.7100090980529785
6.226441383361816
4.862471580505371
6.776308536529541
7.295933723449707
7.592776298522949
5.794219493865967
11.228424072265625
6.950646877288818
4.234677314758301
3.6105353832244873
6.244460105895996
5.80593204498291
7.631503582000732
6.220370292663574
11.54356575012207
6.4599199295043945
7.795945167541504
4.658492565155029
4.3614959716796875
4.713947296142578
5.865631103515625
8.33774185180664
7.12659215927124
5.665983200073242
10.1041259765625
4.897144317626953
6.707371234893799
8.276755332946777
5.897454261779785
11.197754859924316
10.87654972076416
6.583113670349121
5.962788105010986
4.561369895935059
7.482296466827393
10.662467002868652
5.7432146072387695
6.402955532073975
7.09080171585083
8.704692840576172
8.277841567993164
5.5752058029174805
8.107421875
9.446523666381836
7.7171630859375
6.90800142288208
4.706386566162109
7.4564900398254395
8.726886749267578
4.644854545593262
9.988848686218262
4.523765563964844
7.520847797393799
7.066860675811768
14.089332580566406
5.579097270965576
8.907328605651855
7.961885452270508
8.249897003173828
6.419239044189453
7.571028709411621
5.781978607177734
12.306526184082031
8.329267501831055
3.628415584564209
2.799896240234375
11.284636497497559
12.236213684082031
8.321167945861816
3.519282341003418
6.320799350738525
11.123233795166016
9.028656959533691
9.90636157989502
13.346260070800781
10.441957473754883
10.237153053283691
7.541468620300293
8.655952453613281
4.439929008483887
5.532345294952393
6.6043381690979
2.864652156829834
7.619702339172363
8.440266609191895
7.316293239593506
3.223661184310913
7.282033920288086
2.4610681533813477
7.71408224105835
9.083683013916016
4.243904113769531
7.134136199951172
11.72166633605957
8.22059440612793
9.383827209472656
12.446220397949219
8.89865493774414
8.537002563476562
8.140281677246094
6.820513725280762
11.25601863861084
10.003506660461426
6.509042739868164
4.872872352600098
8.453092575073242
11.627628326416016
3.9618735313415527
10.0371675491333
7.734893798828125
4.275270462036133
5.392136096954346
6.156855583190918
6.2592878341674805
6.220005035400391
4.484786033630371
12.796087265014648
4.587560176849365
4.549129009246826
4.943587779998779
7.018877029418945
5.986130714416504
5.114981651306152
8.729342460632324
6.456278324127197
8.031233787536621
6.462623596191406
7.138820648193359
4.843722343444824
6.665578365325928
4.720223426818848
5.2046661376953125
10.672096252441406
8.14040470123291
7.69294548034668
8.10865592956543
4.956813335418701
10.828584671020508
11.705253601074219
7.886928081512451
8.989291191101074
6.529234886169434
7.947668075561523
10.63801383972168
9.33470630645752
6.098837852478027
12.507333755493164
6.688640594482422
4.144524574279785
8.423484802246094
8.4839506149292
6.032976150512695
8.78223705291748
8.00788688659668
6.792038440704346
7.26451301574707
5.904684543609619
5.048593044281006
7.2252888679504395
6.555360794067383
11.796890258789062
3.8399925231933594
3.4930591583251953
4.699151039123535
8.183491706848145
4.892220497131348
4.523746967315674
5.908450126647949
4.39418888092041
6.120730400085449
4.622159004211426
4.218235015869141
13.332840919494629
4.0691986083984375
12.722043991088867
10.404542922973633
8.806385040283203
8.13138484954834
10.26942253112793
10.643524169921875
9.269981384277344
11.757725715637207
10.854820251464844
10.358100891113281
8.669523239135742
10.235111236572266
7.007553577423096
9.035943984985352
6.912688255310059
8.51875114440918
6.692068576812744
4.616042613983154
7.526364803314209
4.4237751960754395
7.888341903686523
7.984938621520996
4.41938591003418
4.642277717590332
4.085664749145508
9.68057918548584
4.219452381134033
9.47667121887207
8.353201866149902
8.332291603088379
13.291047096252441
6.918364524841309
6.553876876831055
5.961535930633545
7.524105548858643
5.7988715171813965
7.189143180847168
2.714779853820801
10.7967529296875
9.807158470153809
5.897838592529297
7.100694179534912
5.919251441955566
8.694107055664062
7.169132232666016
6.365596771240234
7.070455074310303
9.71873950958252
8.218694686889648
6.6896281242370605
11.440284729003906
9.326728820800781
10.033913612365723
9.487342834472656
9.998123168945312
6.905933856964111
5.441348552703857
9.416025161743164
10.41578197479248
11.341764450073242
11.245290756225586
7.452671051025391
10.342259407043457
5.0127339363098145
6.598941326141357
7.992264747619629
2.820134401321411
7.113791465759277
6.293882369995117
9.62218952178955
6.827054023742676
5.322841167449951
7.532271862030029
6.870065689086914
5.955414295196533
9.473794937133789
8.434950828552246
3.764403820037842
11.977575302124023
10.113141059875488
4.063376426696777
6.459851264953613
7.816299915313721
9.70913314819336
6.316864967346191
6.295327186584473
8.524450302124023
8.093796730041504
5.9427571296691895
8.58426284790039
10.51787281036377
10.283124923706055
4.9500651359558105
10.029814720153809
10.972536087036133
7.595328330993652
9.23409366607666
4.885501861572266
6.473758220672607
8.159992218017578
5.341829776763916
10.502346992492676
5.7742180824279785
9.340282440185547
6.512749671936035
8.039018630981445
8.687541961669922
9.506088256835938
8.987358093261719
12.048121452331543
10.809028625488281
8.532859802246094
6.5616960525512695
9.049928665161133
9.720239639282227
8.55807876586914
6.19632625579834
5.392813205718994
4.597722053527832
5.304211139678955
10.636813163757324
6.444072246551514
8.742523193359375
6.211256980895996
4.65036153793335
6.077229976654053
6.113038539886475
6.254924774169922
7.614589214324951
7.562516689300537
7.865534782409668
7.246874809265137
8.808667182922363
6.307956695556641
10.759684562683105
3.18383526802063
11.411741256713867
10.090961456298828
8.70864486694336
6.92217493057251
5.383016109466553
5.153238773345947
7.680607318878174
4.30255651473999
6.554727554321289
5.191071510314941
11.140719413757324
4.950839996337891
3.731431245803833
8.108319282531738
5.787920951843262
5.293764114379883
8.755413055419922
8.756540298461914
5.102721691131592
5.210305213928223
7.971861362457275
5.55626916885376
9.530550003051758
7.918812274932861
7.0294976234436035
9.054655075073242
14.20749568939209
7.4504475593566895
5.9389777183532715
8.368592262268066
6.814999103546143
5.433492660522461
4.338469505310059
3.836601734161377
8.057966232299805
8.187335014343262
3.7075250148773193
6.942433834075928
4.898875713348389
9.323249816894531
5.35200309753418
6.409746170043945
4.7199506759643555
6.647610664367676
7.237417697906494
6.51665735244751
5.639989376068115
10.537518501281738
7.249207019805908
6.550554275512695
5.1628217697143555
6.273126125335693
3.9257893562316895
5.772841453552246
5.277229309082031
8.142627716064453
6.123476982116699
8.845983505249023
7.482938766479492
10.386869430541992
5.250760078430176
7.9465012550354
8.495748519897461
11.64175033569336
9.83354663848877
5.237445831298828
5.893662452697754
6.5617241859436035
5.908596515655518
5.679599285125732
9.3349027633667
3.484498977661133
7.645137310028076
4.609463691711426
6.440011978149414
10.596415519714355
11.307126998901367
5.408329010009766
5.434135437011719
7.499344825744629
4.765237808227539
8.425625801086426
8.064122200012207
3.9139490127563477
5.201315879821777
6.995577335357666
4.175526142120361
3.8975777626037598
2.910889148712158
4.09986686706543
2.9571375846862793
6.450565814971924
5.964556694030762
6.62021017074585
10.799432754516602
11.976348876953125
6.85216760635376
6.368182182312012
6.546551704406738
9.233882904052734
13.477092742919922
9.221638679504395
8.459495544433594
11.565733909606934
5.440545082092285
7.3426337242126465
6.036067962646484
8.385368347167969
6.188509464263916
7.639711856842041
7.035414218902588
7.086796760559082
6.802676677703857
6.087716579437256
6.995124816894531
8.59643268585205
14.920995712280273
9.283527374267578
8.142263412475586
9.979225158691406
9.409772872924805
10.591377258300781
9.90803050994873
11.8145751953125
11.061376571655273
7.56083869934082
11.65084457397461
8.563030242919922
9.57337474822998
4.887345790863037
5.705733299255371
3.889927387237549
7.785601615905762
7.304518222808838
12.565958976745605
4.167562484741211
5.890693664550781
7.8170647621154785
9.564192771911621
10.01460075378418
5.733119010925293
10.605948448181152
7.801544189453125
9.695055961608887
9.018475532531738
9.591011047363281
5.69514799118042
4.597607612609863
8.295938491821289
4.38954496383667
10.648438453674316
4.914365768432617
8.736644744873047
5.4058709144592285
10.28462028503418
8.803104400634766
6.558812141418457
7.804137706756592
5.524172782897949
5.219865322113037
5.817514419555664
2.654573678970337
4.878795146942139
5.790706157684326
6.4816575050354
5.09687614440918
6.913163185119629
4.770388603210449
10.718451499938965
3.1507294178009033
6.895626544952393
4.3411712646484375
9.367162704467773
4.928430080413818
5.812557220458984
9.227567672729492
6.969147682189941
5.4802374839782715
9.776212692260742
9.275394439697266
7.160085201263428
8.324773788452148
13.030041694641113
11.023719787597656
7.628179550170898
10.150821685791016
7.939508438110352
6.755489826202393
6.311115264892578
8.825010299682617
11.634202003479004
4.695889949798584
8.007519721984863
9.50577163696289
8.542410850524902
4.330072402954102
4.975277900695801
7.3902764320373535
7.319672584533691
9.72363567352295
7.211030006408691
4.060485363006592
5.73110294342041
4.511234760284424
8.400924682617188
6.460517406463623
5.647795677185059
4.986317157745361
3.928842306137085
4.583774566650391
9.061441421508789
7.512939453125
16.208829879760742
11.59255599975586
8.033866882324219
8.363840103149414
8.341733932495117
9.783217430114746
5.38840913772583
9.393533706665039
7.364156723022461
9.214905738830566
13.248050689697266
7.242976188659668
6.951208114624023
6.347629070281982
13.549386024475098
9.628105163574219
9.207732200622559
11.02325439453125
5.017059326171875
5.111746788024902
5.672131061553955
3.727386951446533
2.9191713333129883
6.381535053253174
7.202333450317383
5.057827472686768
9.32716178894043
5.871825218200684
6.647013187408447
9.31167221069336
11.773696899414062
7.784173488616943
6.246860980987549
9.921399116516113
6.835450649261475
8.919116020202637
7.407346248626709
7.794404029846191
7.857222080230713
6.044442653656006
9.057999610900879
9.65098762512207
6.578154563903809
6.597135543823242
5.073849201202393
6.967318534851074
5.224790573120117
6.206027030944824
7.0629143714904785
8.9303560256958
7.538154125213623
8.490455627441406
6.286362171173096
7.22682523727417
10.10081958770752
10.44974136352539
9.782024383544922
7.587573528289795
6.920135021209717
10.862957954406738
3.4321231842041016
13.718727111816406
4.762463569641113
6.5561017990112305
5.621926784515381
5.959155559539795
4.839535236358643
7.280587673187256
5.933171272277832
6.038590431213379
4.843136787414551
2.846351385116577
3.548969268798828
2.8805246353149414
11.50314998626709
5.934068202972412
7.093742847442627
8.391881942749023
10.412504196166992
9.754851341247559
10.172675132751465
11.711355209350586
11.472946166992188
9.972258567810059
6.407065391540527
8.166349411010742
9.63794231414795
3.8456852436065674
9.640771865844727
10.305586814880371
6.919557571411133
8.095381736755371
7.079651832580566
4.9467549324035645
4.84774923324585
7.806286334991455
4.652198791503906
4.757041931152344
4.168806552886963
4.996182441711426
3.5412206649780273
7.122358798980713
10.155807495117188
9.19941234588623
9.933439254760742
6.505512714385986
8.908900260925293
9.745573043823242
8.645532608032227
5.477078914642334
3.8618288040161133
7.530298233032227
3.610028028488159
7.9770684242248535
5.533430099487305
3.075500011444092
10.11378288269043
10.863582611083984
4.34143590927124
2.9514644145965576
9.224709510803223
6.417595863342285
3.614292860031128
11.483548164367676
9.571049690246582
4.968644142150879
2.7382917404174805
6.9817047119140625
5.7276434898376465
6.216490745544434
4.786674499511719
2.3654487133026123
6.863930702209473
4.943347930908203
4.673598766326904
3.826615571975708
7.3722968101501465
6.234665870666504
7.679408550262451
10.183670043945312
7.9369096755981445
11.555903434753418
9.404091835021973
7.238354206085205
7.541439056396484
7.621149063110352
7.040543079376221
7.333425998687744
7.402338981628418
6.830186367034912
6.055620193481445
6.467453479766846
7.36583137512207
7.819386005401611
9.827747344970703
9.146682739257812
4.718291759490967
5.780198574066162
12.049209594726562
10.439677238464355
13.969687461853027
8.834248542785645
7.087611675262451
8.669343948364258
7.01134729385376
8.12440013885498
9.751051902770996
6.668541431427002
7.058260917663574
4.713478088378906
8.777052879333496
5.074001312255859
8.519678115844727
5.152998924255371
7.164026737213135
3.665156841278076
5.824630260467529
14.647184371948242
6.295759201049805
10.843647003173828
4.012271881103516
8.862689018249512
5.342895984649658
10.406740188598633
11.151254653930664
5.200566291809082
7.8716583251953125
4.756207466125488
3.212482452392578
6.128733158111572
7.545212745666504
6.043565273284912
9.365886688232422
5.396481990814209
9.637457847595215
9.16934585571289
8.516467094421387
6.615297317504883
8.709589004516602
5.336228370666504
7.5012946128845215
9.771342277526855
4.3291015625
3.9517982006073
5.107758045196533
10.542411804199219
5.577537536621094
9.439620971679688
7.523859024047852
11.22875690460205
10.70792007446289
12.502163887023926
7.888797760009766
9.068338394165039
8.2416353225708
4.749518871307373
6.225922107696533
6.337543964385986
8.01579475402832
6.799673557281494
3.3046352863311768
5.746700286865234
9.450602531433105
7.209229469299316
10.976343154907227
4.459176063537598
6.989954948425293
7.321823596954346
8.215194702148438
8.624244689941406
6.918612003326416
5.9172515869140625
8.77872085571289
9.251928329467773
4.83243465423584
8.388222694396973
4.620193958282471
9.428936958312988
5.010770797729492
10.607227325439453
9.211477279663086
8.405624389648438
11.504979133605957
6.053170680999756
5.8264265060424805
11.388211250305176
6.529537200927734
7.316068649291992
9.577414512634277
8.213349342346191
7.46286678314209
5.9747185707092285
6.954161167144775
7.940748691558838
10.121149063110352
5.315648078918457
5.598937511444092
10.120919227600098
5.2393903732299805
5.976253032684326
7.916817665100098
7.209439277648926
6.642786502838135
7.745401382446289
5.095463275909424
8.693659782409668
10.08353042602539
8.797018051147461
12.551420211791992
5.588649749755859
6.699853420257568
7.749939918518066
5.992131233215332
3.9669201374053955
4.1655354499816895
3.0485873222351074
6.485974311828613
6.481932640075684
2.855205535888672
7.404427528381348
6.633255958557129
6.010169506072998
5.967462062835693
11.394296646118164
12.233585357666016
6.438249588012695
8.078964233398438
14.260686874389648
8.821852684020996
10.24724006652832
6.358669757843018
8.592230796813965
8.355040550231934
5.914760112762451
5.948681831359863
5.673789024353027
7.101180076599121
3.908306121826172
5.471433162689209
6.704671859741211
4.433784484863281
4.088401794433594
11.889225006103516
5.962912559509277
10.382583618164062
5.773979663848877
5.028894424438477
4.4243597984313965
9.690258026123047
7.148128986358643
8.425922393798828
8.354272842407227
6.975673675537109
6.220682144165039
8.4775390625
6.602117538452148
7.253454685211182
7.19624137878418
6.5776567459106445
5.993579864501953
8.47452163696289
8.378868103027344
9.091784477233887
5.562480926513672
4.737608909606934
9.183015823364258
6.312788963317871
7.814490795135498
12.558926582336426
8.01540470123291
5.883415222167969
6.264966011047363
6.2307000160217285
5.677743434906006
6.199916839599609
3.623466968536377
3.645986557006836
8.175012588500977
2.977102041244507
6.946860313415527
9.61245059967041
11.277758598327637
13.643335342407227
4.044593334197998
6.052023410797119
6.6686882972717285
8.462492942810059
9.471562385559082
5.103699684143066
10.006139755249023
12.271302223205566
5.755133628845215
8.764902114868164
4.615355491638184
8.191526412963867
7.640964031219482
9.073442459106445
9.919631958007812
6.624467372894287
10.292023658752441
5.273610591888428
3.6160671710968018
5.489129543304443
5.544795513153076
7.226044654846191
3.0754952430725098
7.038425445556641
3.768277168273926
5.50858211517334
6.267331123352051
3.423163890838623
5.454599380493164
7.4470038414001465
7.111473083496094
7.70034122467041
5.107584476470947
4.888106822967529
4.305882930755615
9.684174537658691
4.975394248962402
7.966103553771973
6.179553031921387
4.789209365844727
3.752279043197632
9.160789489746094
11.266275405883789
8.013077735900879
5.003910064697266
6.072407245635986
6.365179061889648
6.817355632781982
7.438168525695801
3.9239611625671387
9.973523139953613
5.936595916748047
5.442012786865234
4.585358619689941
12.851202964782715
9.901932716369629
7.0395894050598145
7.717747688293457
9.195981979370117
9.781867027282715
9.685227394104004
11.129631996154785
10.360119819641113
11.987234115600586
8.642120361328125
11.205418586730957
12.37258243560791
10.39294147491455
9.076643943786621
10.226848602294922
9.278535842895508
10.071996688842773
12.285054206848145
8.508439064025879
12.749279022216797
8.768842697143555
9.5015230178833
8.761251449584961
11.284950256347656
6.612730026245117
7.9894609451293945
12.07388973236084
10.737552642822266
6.145439147949219
5.527551174163818
11.480252265930176
11.638969421386719
7.624608993530273
7.151495933532715
9.45733642578125
7.86676025390625
8.932376861572266
8.808212280273438
5.297817707061768
6.611194133758545
8.083401679992676
8.653839111328125
10.861432075500488
8.423606872558594
7.84266996383667
8.676291465759277
8.144988059997559
5.087783336639404
4.835028171539307
6.52033805847168
11.008304595947266
10.984057426452637
6.983696937561035
5.763177871704102
8.073118209838867
7.438420295715332
7.724512100219727
7.072360992431641
4.637054443359375
6.920332431793213
7.793288230895996
8.3821382522583
5.836730480194092
10.500870704650879
8.516046524047852
10.257094383239746
10.660957336425781
8.017837524414062
8.088775634765625
5.709224224090576
6.419693470001221
10.099212646484375
8.354842185974121
12.622450828552246
10.539005279541016
10.05439567565918
11.525189399719238
10.219001770019531
5.999835968017578
5.644746780395508
4.65510368347168
3.9461331367492676
5.476416110992432
5.719320297241211
4.965093612670898
3.6183712482452393
7.730876922607422
6.448200225830078
6.662606239318848
7.123133182525635
5.683101654052734
4.0457234382629395
3.137380599975586
3.3734633922576904
10.318060874938965
7.525101184844971
2.9776153564453125
8.038549423217773
7.526424407958984
4.854703426361084
8.10504150390625
3.5973432064056396
8.750000953674316
4.2089524269104
11.40509033203125
3.8103866577148438
6.341328144073486
4.049280166625977
8.541618347167969
6.616545677185059
9.015983581542969
5.347717761993408
7.285494804382324
5.08304500579834
5.633233070373535
3.9791736602783203
7.6672468185424805
6.334981441497803
10.145660400390625
4.767418384552002
8.092498779296875
7.975170612335205
5.746840000152588
5.129131317138672
7.746203422546387
9.22420597076416
10.305578231811523
12.436333656311035
4.977232933044434
6.648977756500244
5.346865653991699
6.422581672668457
5.331085205078125
9.030623435974121
8.623865127563477
3.674281597137451
6.454493999481201
5.224567890167236
4.35908317565918
4.848962783813477
10.458316802978516
6.993938446044922
9.318045616149902
6.135845184326172
10.145609855651855
8.258866310119629
8.905176162719727
10.52421760559082
5.474819660186768
4.947987079620361
6.5005059242248535
10.5689697265625
9.0990571975708
5.0793585777282715
8.723626136779785
7.844532012939453
3.2945637702941895
4.788397789001465
8.687600135803223
4.63702917098999
5.554396629333496
10.70760440826416
7.685511589050293
12.620723724365234
12.752610206604004
7.888780117034912
10.961210250854492
6.850493431091309
7.014071941375732
10.905191421508789
12.195329666137695
10.16824722290039
6.966243743896484
11.640575408935547
7.319457530975342
6.898926258087158
10.670235633850098
5.7890825271606445
5.422914981842041
3.9993345737457275
6.414710521697998
5.899479866027832
4.895724296569824
5.9110026359558105
8.836170196533203
11.668377876281738
9.709084510803223
7.428227424621582
11.710994720458984
7.784938812255859
5.129951477050781
11.369060516357422
8.70077133178711
4.95281982421875
7.352694034576416
4.799951553344727
10.54936695098877
10.323018074035645
4.4966864585876465
11.324742317199707
8.919230461120605
8.565552711486816
9.48210620880127
5.844905853271484
11.2457914352417
10.068246841430664
8.369566917419434
10.867429733276367
8.155598640441895
11.272183418273926
6.275461196899414
9.789220809936523
9.357678413391113
7.252213478088379
9.685916900634766
6.428507328033447
6.444530487060547
9.454302787780762
12.86850643157959
10.664684295654297
4.217043399810791
7.438809871673584
7.9559526443481445
8.591742515563965
10.034162521362305
6.942810535430908
9.019423484802246
7.847402572631836
6.581539154052734
4.508131980895996
7.317485332489014
7.970392227172852
10.745233535766602
10.076852798461914
7.676748752593994
8.844447135925293
6.556336402893066
8.311301231384277
8.074202537536621
7.208981990814209
11.0765380859375
7.270041465759277
8.788541793823242
5.365349292755127
5.641256809234619
6.997086524963379
12.273377418518066
11.00512981414795
7.072713851928711
5.753016471862793
6.147729873657227
9.641866683959961
5.780640602111816
7.621613025665283
8.687798500061035
9.683398246765137
10.362080574035645
9.22259521484375
8.782118797302246
6.801726341247559
7.837296962738037
11.210351943969727
6.418839931488037
5.759119987487793
5.251924991607666
7.602607250213623
4.674629211425781
14.193705558776855
6.316844940185547
9.555573463439941
7.111166954040527
6.593401908874512
6.845489025115967
7.509667873382568
8.628400802612305
5.712651252746582
4.341022968292236
3.253727436065674
4.7968950271606445
6.736293792724609
3.875840663909912
10.814659118652344
5.847846508026123
8.77137565612793
7.71026611328125
7.5190911293029785
8.253043174743652
12.05483627319336
12.593421936035156
12.358081817626953
6.912162780761719
7.29518985748291
10.518071174621582
13.506036758422852
5.404043197631836
9.557180404663086
4.135558128356934
4.517084121704102
10.727280616760254
7.036405563354492
9.323817253112793
4.339646816253662
4.43605899810791
9.50770092010498
6.775027275085449
7.18425989151001
7.420328617095947
11.07618522644043
6.9237565994262695
5.875586986541748
5.719164848327637
7.335566520690918
10.700846672058105
6.6156792640686035
10.689014434814453
6.793581008911133
5.63529109954834
7.310080528259277
6.160556316375732
2.898280620574951
7.965517997741699
3.0100045204162598
8.85902214050293
6.784800052642822
5.591616630554199
6.139007091522217
8.096990585327148
6.6915998458862305
5.1997175216674805
7.274527549743652
5.589751720428467
4.902157783508301
8.376666069030762
8.40533447265625
6.500849723815918
6.584517955780029
4.782653331756592
7.1701130867004395
4.450040817260742
5.841900825500488
4.663366317749023
4.940133094787598
8.995593070983887
11.134624481201172
13.80795669555664
10.375457763671875
8.088189125061035
9.7468900680542
8.896267890930176
9.68165111541748
11.216324806213379
9.101837158203125
13.367569923400879
10.73412799835205
7.679090976715088
8.272665977478027
8.907971382141113
6.096160888671875
9.46086597442627
5.234047889709473
8.031810760498047
8.002045631408691
2.6586499214172363
4.910144805908203
8.241246223449707
7.207607746124268
8.649295806884766
3.586416006088257
7.229734420776367
10.556310653686523
8.71893310546875
7.603199005126953
9.006688117980957
9.238471031188965
6.983270645141602
4.931851863861084
7.429460048675537
3.3700249195098877
6.398168087005615
5.472466945648193
7.079653739929199
9.33256721496582
10.287854194641113
5.415739059448242
5.979232311248779
4.544157981872559
5.185431480407715
6.603123664855957
3.4202723503112793
11.286896705627441
7.4719367027282715
8.77592658996582
5.198750972747803
11.772342681884766
3.8570871353149414
5.520538806915283
5.677236557006836
7.9270429611206055
10.4658842086792
3.626415491104126
8.014765739440918
4.405433654785156
3.313960552215576
13.000510215759277
9.4242525100708
5.936259746551514
5.3295745849609375
6.5088582038879395
4.444505214691162
5.785815238952637
7.1706132888793945
3.256824016571045
3.4975333213806152
9.336180686950684
4.017444610595703
4.453245639801025
8.363781929016113
7.262825965881348
6.413503170013428
9.475187301635742
7.66107177734375
7.993587970733643
8.348069190979004
9.38969612121582
11.112796783447266
11.419351577758789
11.196715354919434
9.10252571105957
9.395210266113281
6.643630504608154
7.877476215362549
6.895729064941406
5.6166558265686035
11.091897964477539
6.197105884552002
8.406464576721191
7.821977138519287
6.100108623504639
5.0193023681640625
5.000004768371582
4.850135326385498
5.782709121704102
3.2057509422302246
4.867334365844727
8.171786308288574
7.399986267089844
10.935853004455566
7.863496780395508
6.364490985870361
10.416542053222656
2.7108778953552246
7.36008882522583
6.609945297241211
4.828823566436768
4.469164848327637
6.145988464355469
4.506877422332764
4.617927074432373
11.719818115234375
8.469926834106445
4.593711853027344
9.259702682495117
7.127946853637695
13.182073593139648
7.309780120849609
8.96514892578125
6.205570220947266
7.621773719787598
5.872882843017578
9.851876258850098
6.395735263824463
10.433568000793457
6.00124979019165
11.7829008102417
12.48083782196045
9.70000171661377
11.159042358398438
14.167848587036133
11.8440523147583
12.51404094696045
13.5834379196167
9.820385932922363
12.098943710327148
6.950918674468994
6.637715816497803
4.828579902648926
3.8768558502197266
3.7911462783813477
7.601922988891602
6.078834533691406
12.843622207641602
4.928791522979736
6.501713275909424
5.239701747894287
8.330635070800781
3.9433932304382324
2.7846012115478516
6.313774108886719
10.539063453674316
4.5856122970581055
4.196335315704346
5.324260711669922
11.023513793945312
5.297231674194336
8.560356140136719
8.025012016296387
6.153995513916016
7.857735633850098
9.240078926086426
8.376381874084473
7.672733783721924
8.352298736572266
7.044887065887451
9.655681610107422
12.631003379821777
9.480173110961914
5.414147853851318
7.519894123077393
9.632028579711914
6.685835361480713
10.732658386230469
9.240747451782227
5.734942436218262
10.104856491088867
6.036399841308594
8.647466659545898
6.0378499031066895
6.849070072174072
7.848499774932861
6.197293281555176
7.3128156661987305
5.634973526000977
7.091615200042725
12.308648109436035
10.186043739318848
8.14697265625
8.446664810180664
9.845833778381348
8.069731712341309
7.404046058654785
10.404723167419434
6.983382701873779
8.09282398223877
6.389676570892334
7.396585941314697
5.137622833251953
6.916040897369385
10.40396785736084
8.680715560913086
10.064281463623047
5.434726715087891
7.903268814086914
7.366086483001709
8.51512336730957
9.340812683105469
10.104870796203613
11.030767440795898
11.506135940551758
9.13663387298584
12.107440948486328
6.832899570465088
10.96098804473877
6.427042484283447
6.545840263366699
10.297224044799805
7.6391801834106445
8.23771858215332
7.574498653411865
8.30599308013916
8.863558769226074
7.579593181610107
7.7249860763549805
9.813871383666992
10.404996871948242
7.60324239730835
7.34536600112915
11.621899604797363
6.302278518676758
11.11308479309082
7.785129070281982
7.286974906921387
7.150562286376953
5.0505876541137695
11.685219764709473
3.4240036010742188
11.119668960571289
14.109383583068848
7.595163822174072
6.114411354064941
9.567678451538086
8.811964988708496
10.569368362426758
8.811493873596191
6.816056251525879
8.056422233581543
6.849659442901611
8.364296913146973
12.782037734985352
8.599562644958496
6.822884559631348
7.250636100769043
8.160667419433594
10.97173023223877
9.953438758850098
6.059567928314209
5.349249362945557
6.88184118270874
10.807657241821289
2.7047386169433594
4.333039283752441
2.929914951324463
5.861656188964844
5.009894847869873
8.203369140625
5.132049560546875
6.950364112854004
6.4721574783325195
5.806539535522461
7.0978217124938965
11.1587495803833
7.823881149291992
7.010009765625
7.000328063964844
7.7961602210998535
11.054046630859375
6.661144733428955
7.024716854095459
9.071462631225586
6.3048858642578125
4.201638698577881
3.457087993621826
7.958322048187256
9.847475051879883
5.438601970672607
6.616241455078125
9.899370193481445
5.630309581756592
7.662580966949463
8.613509178161621
5.737933158874512
12.48367691040039
10.271992683410645
8.094243049621582
5.312142372131348
7.090044021606445
5.103325843811035
6.021661758422852
3.9029507637023926
8.33686637878418
5.0351057052612305
4.523741722106934
3.236398458480835
8.394124984741211
2.888451337814331
5.523673057556152
5.62856912612915
6.104069709777832
7.349273681640625
3.053173542022705
9.932622909545898
7.178945541381836
5.925302982330322
4.378040313720703
6.330476760864258
7.830461025238037
7.536915302276611
6.774779319763184
6.11893892288208
4.1458892822265625
7.594183921813965
7.425381660461426
6.925949573516846
6.168962478637695
8.884485244750977
6.193417549133301
10.06328296661377
10.648307800292969
6.073932647705078
9.068121910095215
9.821663856506348
6.718420505523682
3.178307294845581
6.3296308517456055
5.5432658195495605
6.457659721374512
6.183558464050293
4.107451915740967
9.789098739624023
9.190668106079102
6.589048385620117
6.550723552703857
7.34907341003418
7.331542015075684
6.593387603759766
6.556952476501465
4.153975009918213
6.1121134757995605
6.390547752380371
4.690488338470459
7.599739074707031
5.872599124908447
3.253570079803467
3.829399347305298
5.7553558349609375
2.1017680168151855
13.370976448059082
11.470168113708496
10.562332153320312
6.69387149810791
8.606830596923828
5.175472259521484
9.774090766906738
6.343100070953369
9.806127548217773
8.385379791259766
8.811888694763184
11.040135383605957
6.808086395263672
4.774757385253906
10.141765594482422
6.790612697601318
5.548915863037109
8.002796173095703
7.412477493286133
11.609278678894043
10.199481964111328
7.178001880645752
8.272732734680176
8.006232261657715
5.44170618057251
8.455100059509277
6.253293037414551
10.429022789001465
12.067039489746094
5.697032928466797
8.064790725708008
4.837251663208008
8.308486938476562
6.772806167602539
7.057921409606934
8.823075294494629
7.665699481964111
5.3012895584106445
5.531426429748535
12.369668006896973
11.954706192016602
11.035964012145996
8.96971607208252
11.118227005004883
13.282230377197266
11.016063690185547
9.944086074829102
10.098581314086914
11.86204719543457
9.253973007202148
13.294829368591309
10.038595199584961
15.543329238891602
6.626060962677002
12.286779403686523
9.179071426391602
7.82460880279541
7.271419048309326
8.564146041870117
7.631980895996094
5.941257953643799
9.35010814666748
6.290635585784912
7.25955867767334
9.866390228271484
6.78505277633667
9.737846374511719
10.23341178894043
11.38313102722168
10.493038177490234
10.517189979553223
5.5429158210754395
4.341826438903809
3.888518810272217
3.9760258197784424
4.4838547706604
5.581289291381836
9.478266716003418
6.844868183135986
6.885351181030273
2.4144158363342285
5.474832057952881
4.847053050994873
5.577176570892334
7.165765762329102
6.29604959487915
7.7987847328186035
3.5217843055725098
5.6551361083984375
8.458373069763184
9.519298553466797
5.7382965087890625
9.339159965515137
9.272216796875
6.465798854827881
5.678842544555664
10.38302230834961
11.177009582519531
6.878818511962891
12.300679206848145
5.995429039001465
8.856795310974121
9.310324668884277
10.650444030761719
7.717287540435791
9.572610855102539
5.521899223327637
9.897374153137207
7.308791637420654
8.779206275939941
6.242568016052246
10.309712409973145
5.870600700378418
7.031870365142822
7.924038887023926
9.296924591064453
10.843520164489746
7.2740702629089355
7.77447509765625
7.534934043884277
9.143457412719727
10.753190040588379
8.69268798828125
7.561556339263916
6.731821060180664
7.857791900634766
8.460776329040527
7.049367904663086
4.3227434158325195
8.412992477416992
7.293172359466553
9.36898136138916
8.431384086608887
9.579751968383789
8.539578437805176
9.005343437194824
7.225242614746094
6.06941032409668
5.382633209228516
6.9551239013671875
9.688952445983887
3.8539657592773438
4.320322513580322
9.910593032836914
6.686030387878418
13.099494934082031
8.546272277832031
10.132461547851562
8.21457576751709
7.963233947753906
4.015190124511719
3.992506265640259
9.51416301727295
9.8823881149292
8.13398551940918
5.131461143493652
3.3472988605499268
8.544739723205566
3.889416217803955
7.92898416519165
6.112181186676025
7.726536273956299
9.472467422485352
10.376741409301758
10.266288757324219
6.315732479095459
9.144148826599121
8.3180570602417
13.14528751373291
10.763177871704102
9.027092933654785
9.516036987304688
11.219109535217285
11.215539932250977
7.48046875
9.103262901306152
8.226502418518066
4.294902324676514
9.409774780273438
8.839889526367188
6.895139694213867
5.828171253204346
5.026871204376221
5.420593738555908
5.625202178955078
11.130556106567383
8.440753936767578
13.107397079467773
7.906263828277588
5.95495080947876
6.223674297332764
4.737468719482422
7.507680892944336
7.989132881164551
3.9507968425750732
6.04331636428833
7.557021617889404
6.377862930297852
9.257967948913574
4.408032417297363
3.654860496520996
5.738913536071777
5.664851665496826
3.1813642978668213
11.251054763793945
7.010248184204102
10.46591854095459
5.701432228088379
6.996833801269531
4.773553371429443
11.913156509399414
7.590701580047607
6.791812419891357
8.042016983032227
5.426680088043213
5.7998175621032715
3.8299155235290527
4.160705089569092
9.16012191772461
10.577065467834473
10.948920249938965
10.165815353393555
10.096487998962402
12.630075454711914
9.469504356384277
6.254703998565674
9.007975578308105
7.362336158752441
8.541723251342773
6.90745735168457
6.409896373748779
9.942113876342773
6.005379676818848
4.583576202392578
4.410975933074951
6.535036087036133
2.667785406112671
2.857285499572754
6.476598739624023
4.725728988647461
7.570868492126465
5.852442264556885
5.415498733520508
9.185349464416504
7.361394882202148
9.044050216674805
10.449481010437012
7.222280502319336
11.981764793395996
11.652729034423828
6.637608528137207
7.65826940536499
9.133065223693848
9.456753730773926
6.977189064025879
7.088957786560059
6.86191463470459
7.729711055755615
9.16067886352539
9.776322364807129
8.674461364746094
2.755023956298828
7.729875564575195
3.105762004852295
3.854280948638916
2.2079014778137207
1.9700407981872559
3.203634738922119
4.741693496704102
9.662363052368164
3.009460210800171
5.6761579513549805
6.03259801864624
4.10601282119751
8.669054985046387
6.4581122398376465
11.61353588104248
4.997351169586182
6.803074359893799
6.0951337814331055
7.234846591949463
3.6624832153320312
7.849411964416504
4.907841682434082
8.817148208618164
8.354536056518555
8.07108211517334
12.266802787780762
8.118452072143555
12.476869583129883
10.567414283752441
8.087783813476562
9.80208969116211
8.812276840209961
10.269932746887207
9.298047065734863
9.422030448913574
5.807058334350586
5.411769866943359
3.8018696308135986
5.6988301277160645
7.782809257507324
6.655002117156982
4.5889177322387695
7.328841686248779
2.2248387336730957
9.652070999145508
8.568977355957031
4.527398586273193
4.314492225646973
8.130331039428711
9.442137718200684
10.732312202453613
10.773797035217285
13.34610652923584
11.027273178100586
8.72203540802002
8.907576560974121
6.587308406829834
9.323469161987305
7.674663066864014
8.271645545959473
13.002720832824707
11.858048439025879
7.480646133422852
9.36546802520752
9.436091423034668
10.35673999786377
7.147124290466309
7.357032775878906
6.610201835632324
5.197835445404053
4.014588356018066
13.515886306762695
7.4545183181762695
3.5719704627990723
4.036576747894287
4.97200870513916
5.8836188316345215
7.430070877075195
7.90119743347168
5.673834800720215
2.6580333709716797
4.614428520202637
4.402620792388916
7.05504846572876
8.840164184570312
10.364791870117188
7.881422519683838
10.122889518737793
5.4554877281188965
6.248101234436035
5.554686546325684
8.425395011901855
7.890701770782471
5.435352325439453
7.294642925262451
9.08624267578125
9.544048309326172
5.838631629943848
5.46265983581543
10.058314323425293
9.958290100097656
7.29756498336792
4.009295463562012
7.91375207901001
7.467783451080322
5.448581695556641
12.678077697753906
8.505788803100586
4.946465015411377
10.741945266723633
4.225515365600586
8.385416030883789
11.68462085723877
10.969635963439941
13.066630363464355
13.292784690856934
9.292092323303223
9.878705978393555
10.378251075744629
6.260552406311035
9.25784683227539
4.676119327545166
4.515660762786865
9.704462051391602
7.338583469390869
6.813687324523926
5.917917728424072
9.608875274658203
3.2150208950042725
3.6193325519561768
5.504926681518555
7.390861511230469
2.7578282356262207
3.7734975814819336
8.144732475280762
6.090299606323242
6.279965400695801
4.705012321472168
3.0265069007873535
9.276844024658203
9.04530143737793
8.205086708068848
9.734452247619629
8.219106674194336
7.758825302124023
10.62514877319336
7.9954986572265625
11.191388130187988
4.608445167541504
10.528167724609375
7.054866313934326
5.909862041473389
4.82412052154541
7.213656902313232
13.606500625610352
9.244510650634766
5.506383895874023
6.333835601806641
12.433277130126953
12.393150329589844
10.953300476074219
9.945075988769531
10.799599647521973
11.688017845153809
9.869256019592285
15.378500938415527
8.46146011352539
7.8972368240356445
8.692962646484375
7.047476768493652
5.416020393371582
6.8300700187683105
5.552804946899414
7.572144508361816
8.095402717590332
8.971296310424805
7.564253807067871
8.469146728515625
8.635871887207031
8.393478393554688
9.275317192077637
10.5947265625
5.124835968017578
9.670093536376953
5.7573323249816895
8.498666763305664
14.851305961608887
10.035006523132324
9.589743614196777
9.314111709594727
7.691126346588135
6.094278812408447
6.899975299835205
6.555422782897949
5.642490863800049
6.083154678344727
6.7364301681518555
6.608555316925049
8.188355445861816
7.70171594619751
8.378227233886719
5.182397842407227
7.678478717803955
15.062840461730957
4.609278678894043
3.3722455501556396
6.104712009429932
9.42932415008545
7.815762519836426
6.215486526489258
9.792150497436523
6.704920768737793
4.705739974975586
5.86820650100708
7.170011043548584
8.200000762939453
4.470032215118408
3.844305992126465
3.498845100402832
9.663824081420898
5.883261680603027
4.45912504196167
5.586181640625
6.192953109741211
8.429450988769531
5.840897083282471
4.600888729095459
7.195045471191406
10.513797760009766
7.95436429977417
12.364693641662598
9.949747085571289
9.71890640258789
8.893887519836426
7.7824625968933105
9.134298324584961
4.18100643157959
10.606682777404785
5.969568729400635
4.806896686553955
7.428276538848877
9.515795707702637
7.293753147125244
8.163180351257324
5.288254737854004
10.35207462310791
5.755860328674316
6.595738887786865
8.34655475616455
5.998201370239258
8.327281951904297
8.170555114746094
7.802183628082275
8.97492504119873
8.243947982788086
10.709214210510254
5.553310871124268
7.154278755187988
12.966972351074219
6.675588607788086
5.795408248901367
8.261406898498535
7.148875713348389
9.089678764343262
7.295464992523193
6.755127906799316
5.21309232711792
5.060478210449219
6.655776023864746
6.830722332000732
8.053210258483887
8.203374862670898
12.1670560836792
7.114902496337891
9.028810501098633
8.411721229553223
6.870010852813721
5.116445541381836
7.4753923416137695
9.569059371948242
7.338347911834717
7.737159729003906
9.023935317993164
8.641791343688965
11.902663230895996
10.175846099853516
9.529153823852539
7.271539211273193
5.889404296875
6.648516654968262
7.891382694244385
6.340298652648926
9.544620513916016
5.940690517425537
6.244911193847656
6.441372871398926
4.104465007781982
4.793339252471924
3.1912577152252197
3.721313953399658
9.661172866821289
7.6286396980285645
7.063398838043213
11.00096607208252
7.247398376464844
4.072119235992432
6.268582344055176
7.957078456878662
7.174221992492676
9.79174518585205
11.591249465942383
6.321140766143799
7.3417887687683105
9.15780258178711
7.393321990966797
9.942464828491211
11.906035423278809
11.52863883972168
8.275007247924805
11.538447380065918
7.168152809143066
8.809834480285645
10.220038414001465
4.816176891326904
7.856203079223633
9.384452819824219
6.930027961730957
8.305075645446777
6.461823463439941
5.258728504180908
10.72205924987793
5.684127330780029
8.285216331481934
3.9842171669006348
11.39966106414795
7.125598907470703
11.000261306762695
10.273770332336426
11.291755676269531
11.594327926635742
10.623087882995605
8.079869270324707
4.94220495223999
10.286785125732422
9.715715408325195
12.25322437286377
8.439680099487305
10.941499710083008
7.079258918762207
8.30622673034668
7.399141311645508
6.751279830932617
7.016329288482666
5.50859260559082
5.753838539123535
6.443432807922363
7.082510948181152
9.593923568725586
7.381625175476074
5.862154006958008
3.4955453872680664
5.760618209838867
7.201956272125244
3.9980692863464355
8.063151359558105
16.044958114624023
8.273289680480957
8.083633422851562
5.360170364379883
5.7000017166137695
3.0422372817993164
4.132447719573975
4.886330604553223
6.830904960632324
9.937967300415039
5.105865478515625
3.2931840419769287
3.839458465576172
6.510743141174316
6.626550197601318
6.053925037384033
10.317886352539062
4.942668914794922
5.753766059875488
5.762845039367676
11.469987869262695
9.700488090515137
11.547412872314453
10.591652870178223
10.146658897399902
5.946784019470215
6.020788192749023
5.52508544921875
6.517192840576172
7.588578224182129
7.201802730560303
9.270539283752441
4.411960601806641
5.030935287475586
10.73438835144043
9.090147018432617
3.2534031867980957
7.145069122314453
10.590453147888184
6.784598350524902
5.432722091674805
9.596253395080566
4.398952007293701
5.670485973358154
12.677947998046875
6.434227466583252
7.642454624176025
6.392012596130371
10.749895095825195
12.157940864562988
6.738475799560547
8.835945129394531
4.0577569007873535
6.212214946746826
8.358959197998047
11.145517349243164
5.506655693054199
5.667579650878906
6.059424877166748
6.588308334350586
6.090259075164795
6.293327331542969
7.026810646057129
8.539875030517578
2.147169828414917
8.813638687133789
5.007233619689941
9.240289688110352
5.452256202697754
3.9997944831848145
14.087690353393555
6.509664058685303
7.730419158935547
6.321170806884766
7.390411376953125
8.610189437866211
7.659953594207764
9.174436569213867
12.67341423034668
6.855419158935547
8.036794662475586
6.802326679229736
13.4229097366333
7.876360893249512
11.233572006225586
10.634519577026367
12.042634010314941
10.21303939819336
9.175298690795898
6.5849103927612305
8.034270286560059
8.727253913879395
10.449830055236816
7.0949554443359375
7.11966609954834
6.593855381011963
5.179148197174072
7.299884796142578
8.636821746826172
7.146251678466797
8.063173294067383
7.266377925872803
6.91084098815918
9.063375473022461
10.383358001708984
9.630156517028809
9.46332836151123
9.444396018981934
7.677396297454834
9.165998458862305
9.937260627746582
5.911859512329102
5.543837547302246
5.9632768630981445
5.904482841491699
12.547456741333008
10.25406265258789
6.046596527099609
7.55757474899292
6.330847263336182
5.417168617248535
3.2181291580200195
9.68310546875
5.308781623840332
3.8392367362976074
8.388586044311523
9.654059410095215
9.045584678649902
7.236863613128662
7.485076904296875
5.468748569488525
7.213059425354004
5.5439558029174805
7.46544075012207
7.35259485244751
14.277580261230469
9.452371597290039
7.044486999511719
6.163877010345459
7.41728401184082
11.063579559326172
5.499025821685791
6.691576957702637
6.11018705368042
10.096837997436523
12.189518928527832
8.063850402832031
8.195296287536621
5.895467281341553
9.504728317260742
3.9664528369903564
7.961496353149414
6.402667999267578
9.230743408203125
6.697943210601807
7.787341117858887
11.467101097106934
6.918474197387695
8.311985969543457
8.77100944519043
14.931812286376953
11.126461029052734
11.021336555480957
11.501571655273438
12.225157737731934
9.00881576538086
9.05735969543457
12.25751781463623
6.863110065460205
9.765114784240723
8.347512245178223
5.644204139709473
8.316835403442383
8.377497673034668
6.8188066482543945
6.319266319274902
4.5537028312683105
5.035703182220459
5.682345867156982
13.731797218322754
4.0588579177856445
7.028468132019043
4.744203090667725
4.37584924697876
8.218973159790039
11.493507385253906
3.418454170227051
8.833540916442871
7.775328636169434
4.325439453125
7.336616039276123
4.948687553405762
7.985605239868164
11.586006164550781
5.78035306930542
10.206761360168457
7.84346342086792
7.866276264190674
8.545125007629395
5.982275009155273
8.849664688110352
4.8686933517456055
4.759347438812256
9.978853225708008
4.307077407836914
8.656387329101562
4.042884826660156
3.5420618057250977
6.255119323730469
4.479809761047363
6.728875637054443
3.507694721221924
7.408303737640381
6.069016456604004
6.709220886230469
6.987273693084717
7.316549777984619
10.040830612182617
13.89832878112793
12.215275764465332
9.019889831542969
8.745208740234375
9.431117057800293
9.178353309631348
9.568344116210938
6.830865383148193
9.01176643371582
4.976828098297119
6.084060192108154
7.79176139831543
4.313996315002441
8.399892807006836
5.0605149269104
6.474984645843506
5.68181037902832
4.712531566619873
6.295957565307617
5.793633460998535
7.5082573890686035
4.448890209197998
4.584191799163818
8.650861740112305
11.524442672729492
6.473025798797607
7.785852909088135
6.011016845703125
6.6497063636779785
8.172760009765625
4.447179317474365
5.562758445739746
7.814688205718994
10.045907020568848
9.638843536376953
11.595636367797852
6.957432746887207
9.064007759094238
13.036604881286621
11.757474899291992
10.46554183959961
7.468252658843994
7.260103702545166
10.674959182739258
10.208449363708496
5.798025131225586
9.172171592712402
11.033780097961426
11.21583080291748
8.636045455932617
7.8082075119018555
10.118303298950195
10.309797286987305
9.296233177185059
16.989343643188477
4.464850425720215
9.42536735534668
6.78043794631958
8.233121871948242
11.948360443115234
8.411260604858398
6.111275672912598
9.819933891296387
8.162505149841309
6.816398620605469
7.124387741088867
11.150129318237305
8.501116752624512
8.380879402160645
8.218021392822266
3.422412872314453
6.893982410430908
8.346161842346191
6.939061641693115
9.5003023147583
5.917414665222168
7.433040618896484
8.598906517028809
5.173426151275635
5.194100379943848
4.292420387268066
4.204964637756348
14.089038848876953
5.775467872619629
8.743780136108398
6.739870071411133
4.583874225616455
5.732579231262207
9.374410629272461
5.672750473022461
11.46269416809082
6.631072521209717
6.819084167480469
10.306814193725586
3.9930343627929688
4.76611328125
7.814213275909424
5.877148628234863
4.024637699127197
6.595687389373779
5.666613578796387
7.080991268157959
4.467007160186768
4.859735488891602
7.105327129364014
9.607589721679688
8.71894359588623
7.817875862121582
9.684452056884766
12.757553100585938
9.694344520568848
11.35679817199707
9.846014976501465
6.748867034912109
6.165384769439697
6.294584274291992
8.527545928955078
4.320881366729736
7.850337982177734
3.043879985809326
4.93087100982666
5.168695449829102
4.215085983276367
7.078284740447998
4.166804790496826
5.015584468841553
2.3442234992980957
7.033586502075195
5.143094062805176
6.4341230392456055
4.226487159729004
4.538876533508301
9.414972305297852
11.620988845825195
8.266305923461914
8.832008361816406
7.427102565765381
5.688772201538086
7.232515811920166
8.256125450134277
3.749061346054077
6.298058986663818
7.829253673553467
6.839350700378418
7.135439872741699
6.240253448486328
6.354613780975342
5.745870590209961
3.605607032775879
4.709245681762695
6.665390491485596
9.218975067138672
13.523824691772461
7.036445617675781
10.027448654174805
11.815425872802734
11.539522171020508
11.300521850585938
12.155104637145996
9.110363960266113
8.471805572509766
6.929498672485352
7.943661689758301
14.105228424072266
7.711247444152832
5.013978481292725
8.759966850280762
6.089042663574219
7.403929710388184
10.803206443786621
8.121824264526367
8.279911994934082
6.302757263183594
6.125804901123047
2.2826216220855713
2.7833304405212402
5.613986492156982
4.781923294067383
2.500211238861084
2.5261075496673584
6.10024356842041
6.417294025421143
9.532472610473633
2.728895664215088
7.534218788146973
6.7102813720703125
7.411614894866943
5.285080432891846
7.856557846069336
4.390307426452637
7.503247261047363
11.799046516418457
7.943028450012207
7.493454456329346
8.003076553344727
10.237617492675781
8.79648494720459
6.424434661865234
7.064235687255859
10.330951690673828
6.314338207244873
9.855125427246094
10.283267974853516
10.013093948364258
9.999561309814453
10.29981517791748
11.387724876403809
10.475041389465332
12.304708480834961
9.729796409606934
13.744827270507812
11.017426490783691
4.703285217285156
6.322777271270752
12.375611305236816
7.828797340393066
7.243539810180664
8.006693840026855
8.098372459411621
9.534713745117188
5.614467144012451
12.316288948059082
7.553156852722168
8.824607849121094
7.0560302734375
4.88918399810791
7.976002216339111
4.513404369354248
5.0222883224487305
7.798528671264648
7.274847507476807
5.695450782775879
8.3316650390625
8.829288482666016
8.484210968017578
4.8899312019348145
7.616458415985107
9.177912712097168
6.095396041870117
10.295637130737305
8.369576454162598
5.947381496429443
5.502527236938477
6.511746406555176
4.1700286865234375
12.790871620178223
6.118363857269287
6.066316604614258
12.360943794250488
5.169960975646973
5.06902551651001
4.238620281219482
4.228805065155029
8.536223411560059
5.064218044281006
9.526525497436523
4.643716335296631
9.743045806884766
9.73548412322998
7.667635917663574
4.967657089233398
6.001984119415283
6.444911956787109
7.91585636138916
3.5406293869018555
8.949621200561523
12.197647094726562
5.021124839782715
7.776709079742432
5.01210880279541
9.867940902709961
5.465567111968994
9.51387882232666
4.679882049560547
7.410885810852051
9.425848960876465
4.247531414031982
8.48018741607666
6.009942531585693
11.734931945800781
9.430205345153809
7.477480411529541
5.54092264175415
7.0922698974609375
7.402731418609619
6.994843006134033
8.464927673339844
7.17462158203125
9.146448135375977
8.068323135375977
12.117631912231445
8.540609359741211
5.60605525970459
7.142732620239258
8.489025115966797
10.779279708862305
5.376275539398193
5.867181301116943
7.549189567565918
7.015059947967529
6.941918849945068
5.994555473327637
8.029450416564941
8.50325870513916
11.542695999145508
7.493478298187256
9.254903793334961
6.761263370513916
7.121794700622559
6.198218822479248
10.232519149780273
7.885838985443115
5.900502681732178
3.842104434967041
8.514022827148438
6.274288177490234
7.825752258300781
6.067391872406006
6.103730201721191
4.920708656311035
5.504042625427246
5.968825817108154
5.678256034851074
9.913349151611328
11.816792488098145
7.99827766418457
8.604503631591797
8.1065092086792
9.655242919921875
8.328193664550781
7.727384567260742
11.412701606750488
13.119738578796387
8.701038360595703
7.114278793334961
8.59526252746582
6.424350261688232
5.818502902984619
5.062873840332031
5.1687211990356445
5.659124851226807
4.363440990447998
6.552971839904785
4.057592868804932
4.4319868087768555
8.882240295410156
5.062869548797607
3.5675435066223145
6.879997730255127
4.42988920211792
5.298458099365234
7.337542533874512
5.760499477386475
9.669767379760742
10.963385581970215
8.503175735473633
7.753232479095459
7.4202656745910645
8.867072105407715
5.670921802520752
12.426356315612793
4.470792293548584
5.469882965087891
7.338895320892334
5.360421180725098
7.340312957763672
12.070328712463379
6.888552188873291
6.0383405685424805
6.8935441970825195
9.08482551574707
7.963440895080566
7.8068742752075195
6.875629901885986
9.988473892211914
6.7666802406311035
10.90927505493164
8.749532699584961
8.61278247833252
12.145971298217773
5.2384843826293945
10.877944946289062
8.07713508605957
10.545829772949219
6.980315685272217
4.968947887420654
4.768256664276123
9.773283004760742
5.631882190704346
6.473158836364746
6.571011066436768
5.2446441650390625
13.401738166809082
10.663704872131348
13.505356788635254
12.375417709350586
10.391990661621094
8.428972244262695
11.593951225280762
11.088293075561523
5.1851806640625
6.92435359954834
9.33759593963623
6.70316743850708
11.117366790771484
9.367860794067383
13.332939147949219
7.194437503814697
8.580617904663086
4.756525993347168
8.785736083984375
6.491097450256348
11.511972427368164
7.421585559844971
8.767330169677734
11.59257698059082
10.705191612243652
9.065301895141602
6.536290645599365
3.8098220825195312
11.543896675109863
7.098208904266357
4.574143886566162
11.961625099182129
4.795782566070557
6.047115325927734
8.103957176208496
8.347966194152832
10.519349098205566
8.106263160705566
7.972980499267578
11.572582244873047
11.691573143005371
9.775375366210938
10.930717468261719
10.35405158996582
7.628088474273682
10.770147323608398
6.601707935333252
5.639187335968018
8.321661949157715
6.6879730224609375
6.685389518737793
7.930772304534912
7.79056978225708
9.045873641967773
9.50837516784668
7.897137641906738
5.899101257324219
9.477616310119629
8.45677661895752
7.866671085357666
6.260814189910889
12.083333015441895
8.75688362121582
7.14894962310791
6.057892799377441
9.717451095581055
10.86959457397461
5.142613887786865
8.328001022338867
8.422405242919922
4.017313480377197
11.179800987243652
3.881155490875244
9.109081268310547
8.421859741210938
7.623756408691406
13.534738540649414
13.156076431274414
5.52607536315918
8.742359161376953
7.810932159423828
8.89177131652832
6.952454566955566
5.423076629638672
3.3748908042907715
9.140800476074219
11.169209480285645
6.722445011138916
6.345757961273193
4.970130920410156
9.39286994934082
4.440059661865234
6.915555000305176
5.334880352020264
9.188343048095703
8.913843154907227
10.046147346496582
9.860550880432129
10.128811836242676
5.905011177062988
8.74522876739502
10.306594848632812
6.852096080780029
10.893192291259766
7.814061164855957
5.740028381347656
3.8692386150360107
2.738980293273926
8.621630668640137
9.595857620239258
7.842450141906738
5.915693283081055
7.158377647399902
4.121853828430176
9.018917083740234
6.623028755187988
10.485657691955566
8.798157691955566
6.254403114318848
8.061675071716309
10.540513038635254
5.291507720947266
6.392980575561523
6.410130977630615
4.866692066192627
6.929338455200195
4.988388538360596
14.342039108276367
7.828377723693848
8.983757019042969
10.196651458740234
8.068512916564941
6.844826698303223
5.377633094787598
8.813248634338379
8.714730262756348
7.414158344268799
7.32000732421875
8.469642639160156
11.708893775939941
12.945048332214355
4.3546552658081055
8.14169692993164
5.741938591003418
5.294203758239746
10.954069137573242
10.706058502197266
7.018474578857422
11.87952995300293
8.086414337158203
7.218193531036377
6.620215892791748
6.138817310333252
10.09193229675293
9.994972229003906
11.30026912689209
12.477055549621582
10.780082702636719
11.140632629394531
7.563304901123047
6.966360569000244
8.047402381896973
5.492635726928711
6.44447135925293
7.6283979415893555
8.697824478149414
14.51718521118164
8.783294677734375
8.415578842163086
13.578344345092773
8.748421669006348
8.720577239990234
8.032014846801758
6.86325740814209
6.566306114196777
8.468303680419922
9.990050315856934
5.60257625579834
10.273538589477539
13.23909854888916
4.821846008300781
7.310982704162598
7.631191730499268
4.814036846160889
7.711260795593262
5.442790508270264
4.193141460418701
6.684898376464844
9.195091247558594
6.743993759155273
8.712018013000488
9.774301528930664
9.37022876739502
12.204304695129395
15.381814956665039
7.403857231140137
8.046422958374023
7.870142459869385
6.941448211669922
7.025082111358643
6.38839054107666
4.953962802886963
14.076543807983398
8.124645233154297
10.276618003845215
9.246039390563965
7.478310585021973
10.031537055969238
6.107357025146484
6.354195594787598
13.831465721130371
8.51198959350586
6.916194915771484
6.4901628494262695
10.21968936920166
8.207993507385254
9.109500885009766
6.19551944732666
10.562259674072266
5.960735321044922
9.392404556274414
12.531009674072266
11.275361061096191
12.165090560913086
6.180763244628906
15.535707473754883
9.765060424804688
6.680758476257324
8.632139205932617
9.444437026977539
8.023880004882812
4.6696295738220215
7.341833591461182
5.311570167541504
9.76284408569336
9.324936866760254
10.44182300567627
7.6273345947265625
9.195062637329102
6.578224182128906
8.413249015808105
4.923097133636475
5.425445079803467
9.193212509155273
8.33769416809082
8.132473945617676
6.3058271408081055
9.049896240234375
7.529295444488525
5.201076984405518
8.906216621398926
6.506226539611816
5.943893909454346
3.674288034439087
10.784164428710938
7.490321636199951
9.083524703979492
5.717765808105469
5.444969654083252
5.845658302307129
7.360942363739014
5.4987077713012695
7.360915184020996
6.393887996673584
3.7070963382720947
3.9230408668518066
7.540990829467773
4.24096155166626
12.145853996276855
7.512070655822754
9.632272720336914
8.73864459991455
10.7654390335083
8.590295791625977
8.033076286315918
9.341086387634277
7.300409317016602
9.918096542358398
10.395827293395996
9.069324493408203
11.378205299377441
8.950643539428711
9.78703498840332
5.691572666168213
9.673971176147461
8.943918228149414
7.593711853027344
4.702206134796143
8.820307731628418
5.048993110656738
8.634675025939941
6.715474605560303
7.335569381713867
7.100790977478027
3.261587142944336
6.212890148162842
6.566235542297363
6.527040004730225
4.730753421783447
11.906630516052246
7.0605268478393555
9.050043106079102
7.645123481750488
6.073708534240723
6.357345104217529
4.340500831604004
8.013787269592285
11.122035026550293
6.182326793670654
2.767543315887451
7.050390720367432
3.2895150184631348
5.803077697753906
6.623464107513428
4.56890344619751
9.507431983947754
8.798348426818848
11.028777122497559
7.246089458465576
7.652464866638184
8.884593963623047
11.568267822265625
11.419318199157715
10.82373046875
11.37818717956543
9.630615234375
11.414377212524414
8.86013412475586
6.846602439880371
6.094484329223633
8.252886772155762
7.735249042510986
9.291873931884766
7.999373435974121
9.698232650756836
9.653084754943848
9.325384140014648
9.225720405578613
7.058093547821045
8.19548225402832
6.8026933670043945
8.826539993286133
3.88435959815979
9.040224075317383
6.218210697174072
9.246573448181152
11.151148796081543
7.472347259521484
9.112859725952148
9.442059516906738
10.570980072021484
10.44253158569336
8.983572959899902
10.262956619262695
8.245794296264648
9.503829002380371
11.487913131713867
7.274911880493164
8.61988639831543
5.927929401397705
5.614947319030762
9.994881629943848
8.156601905822754
7.399569034576416
6.5552754402160645
5.228967666625977
4.971542835235596
7.553365707397461
8.258031845092773
8.826255798339844
4.837395668029785
6.760970115661621
9.144566535949707
6.484865188598633
7.736355781555176
6.611323356628418
8.795768737792969
8.066410064697266
6.544564723968506
11.285658836364746
8.999480247497559
11.66859245300293
6.881870269775391
6.556936740875244
4.584222316741943
8.510056495666504
5.227933883666992
8.278868675231934
8.053800582885742
8.899433135986328
5.587213516235352
7.927706718444824
7.675695419311523
2.6924285888671875
3.346843719482422
2.87921142578125
8.909415245056152
7.571770191192627
4.202371597290039
9.274641990661621
8.011101722717285
6.675095558166504
5.850682258605957
5.916951656341553
6.2117767333984375
4.8755645751953125
5.085349082946777
8.281229019165039
3.812859535217285
8.86340618133545
6.693382263183594
2.1131598949432373
2.7699546813964844
4.506605625152588
2.329528331756592
9.760448455810547
8.956260681152344
9.581344604492188
8.051460266113281
10.718441009521484
8.335193634033203
7.944256782531738
9.252527236938477
10.409031867980957
7.506368637084961
12.759247779846191
6.999006748199463
7.677020072937012
11.3947114944458
7.869140625
8.31714153289795
12.150910377502441
14.777853012084961
8.963374137878418
10.764776229858398
15.756351470947266
8.456573486328125
7.063766002655029
8.637269020080566
5.615796089172363
6.305342197418213
3.5097386837005615
7.462471961975098
3.9121809005737305
7.316165924072266
5.201005935668945
12.590961456298828
7.310798645019531
7.273624420166016
7.957855224609375
10.220572471618652
12.785232543945312
7.125918865203857
11.241273880004883
10.557636260986328
9.595023155212402
6.698071002960205
8.025728225708008
7.620893478393555
8.351175308227539
2.5545194149017334
6.423629283905029
6.619917869567871
5.506701469421387
2.9037024974823
11.69680118560791
7.336033821105957
10.358846664428711
7.6394944190979
6.2703094482421875
5.953169822692871
6.135876655578613
7.459782600402832
6.559795379638672
9.001148223876953
11.736804962158203
11.407620429992676
10.449938774108887
10.0081205368042
10.722434043884277
7.042905807495117
6.49472713470459
8.843634605407715
5.387534141540527
6.7901411056518555
8.779645919799805
10.357979774475098
7.135963439941406
9.168495178222656
8.73218822479248
8.696721076965332
8.702634811401367
7.01458215713501
9.242782592773438
4.014205455780029
4.636490821838379
4.7174835205078125
5.339693069458008
4.983260631561279
9.369669914245605
5.391517639160156
5.163868427276611
5.340145111083984
7.108364105224609
8.662010192871094
4.1544189453125
5.1178364753723145
4.163721561431885
6.191218376159668
7.557623863220215
11.10565185546875
5.626028060913086
8.400960922241211
6.019853115081787
7.111916542053223
3.4351694583892822
6.4907097816467285
7.590002536773682
5.014920234680176
13.75916862487793
4.666637420654297
7.964077472686768
11.878469467163086
12.616198539733887
5.300113201141357
11.108235359191895
10.226848602294922
7.535581588745117
6.771178722381592
4.146405220031738
6.065930366516113
4.315990447998047
6.061803817749023
10.582728385925293
6.388908386230469
8.804142951965332
7.485396862030029
6.976529598236084
7.061002254486084
7.703696250915527
11.044564247131348
4.28060245513916
4.807816028594971
8.11893081665039
6.712813377380371
8.649911880493164
8.789629936218262
7.507203102111816
6.302740573883057
5.528057098388672
6.261984825134277
6.192237377166748
5.95607328414917
5.734837532043457
8.04936695098877
7.033478736877441
4.268102645874023
5.126319408416748
5.811486721038818
3.691988945007324
5.288048267364502
4.691224098205566
6.02206563949585
2.7182974815368652
10.635514259338379
7.355117321014404
9.15870475769043
6.598587989807129
13.873769760131836
8.850790023803711
7.584505558013916
8.6612548828125
7.597082614898682
8.77105712890625
10.004670143127441
9.067630767822266
13.108609199523926
8.550949096679688
6.060215950012207
8.495573997497559
6.531077861785889
6.77701473236084
4.743079662322998
5.591403007507324
8.067216873168945
7.618631362915039
8.587516784667969
7.792901039123535
9.411766052246094
12.308135986328125
7.819496154785156
6.289210319519043
8.156167984008789
6.248482704162598
5.890678405761719
11.552298545837402
4.591012001037598
4.781979084014893
5.45367431640625
6.956828594207764
6.389723300933838
6.231193542480469
11.210949897766113
4.847749710083008
6.035635948181152
8.181170463562012
6.713454246520996
8.66598129272461
9.19939136505127
10.495048522949219
5.923710346221924
9.842972755432129
11.370975494384766
6.930079936981201
12.633397102355957
6.474381446838379
7.062759876251221
9.750808715820312
11.817422866821289
8.440077781677246
8.959633827209473
6.993714332580566
10.227544784545898
10.760714530944824
9.269757270812988
8.126641273498535
5.859957695007324
8.338949203491211
6.0291595458984375
9.282768249511719
6.519920349121094
6.460219383239746
6.278838157653809
6.507922172546387
5.267105579376221
2.0989062786102295
2.6799778938293457
5.330190658569336
3.6161956787109375
6.42153263092041
5.555062294006348
4.509021282196045
6.687241554260254
8.997017860412598
9.901714324951172
6.697824001312256
12.139545440673828
10.174108505249023
7.063732624053955
4.407144069671631
6.919966220855713
10.058145523071289
8.25584602355957
5.243974685668945
4.5166802406311035
6.874809741973877
6.6396074295043945
4.5266804695129395
6.376643180847168
11.074789047241211
5.503652572631836
7.0680036544799805
7.388105392456055
4.871819019317627
8.811972618103027
7.2335309982299805
11.103967666625977
7.326217174530029
11.966840744018555
10.986311912536621
7.911886215209961
8.46077823638916
10.774736404418945
6.6188178062438965
5.816592216491699
6.896369934082031
6.194184303283691
11.168917655944824
5.47366189956665
8.293856620788574
8.78928279876709
7.552958011627197
11.466687202453613
7.224587917327881
3.9361019134521484
6.182565212249756
9.057305335998535
6.256602764129639
10.275853157043457
12.07514476776123
6.288203239440918
8.154483795166016
10.206194877624512
5.606145858764648
9.05351448059082
11.680424690246582
8.93273639678955
5.996923446655273
4.3677449226379395
6.9587531089782715
9.101001739501953
8.624539375305176
6.229902744293213
12.94612979888916
7.089972496032715
8.108294486999512
7.4453125
7.2692365646362305
4.49898099899292
10.550495147705078
8.081256866455078
6.126638412475586
4.725162506103516
10.573430061340332
9.280029296875
7.336452007293701
3.052978992462158
5.87833833694458
9.20449161529541
7.412992000579834
7.278962135314941
8.565959930419922
7.614755153656006
10.894108772277832
5.261000633239746
11.342543601989746
8.726297378540039
9.715805053710938
9.831921577453613
9.530029296875
5.300275802612305
11.1177339553833
11.43564510345459
9.884947776794434
10.205039978027344
10.487064361572266
10.199015617370605
6.2337141036987305
7.92492151260376
6.275125980377197
9.399200439453125
10.055983543395996
6.882251262664795
12.134230613708496
10.114317893981934
4.664376735687256
5.825496673583984
6.925355434417725
8.870742797851562
7.434112071990967
13.632104873657227
11.646660804748535
10.442473411560059
9.487897872924805
6.109265327453613
6.938716411590576
6.134831428527832
5.287269592285156
5.696436882019043
5.413052082061768
6.7079854011535645
7.425739288330078
7.676323890686035
6.977746486663818
8.740909576416016
3.8625049591064453
8.912665367126465
5.507861137390137
6.790334701538086
9.842934608459473
9.89653205871582
4.610088348388672
9.909473419189453
8.97940731048584
5.013218402862549
5.810732364654541
5.5926289558410645
7.865764141082764
7.981358051300049
6.118200302124023
4.433070659637451
6.927329063415527
7.356540203094482
6.862059593200684
7.235333442687988
7.598485469818115
10.182815551757812
5.870348930358887
7.558960437774658
8.126955032348633
11.252596855163574
8.627737045288086
9.653693199157715
7.630392074584961
4.574575424194336
14.315937042236328
8.000728607177734
6.944085121154785
6.212007522583008
5.330059051513672
6.586148738861084
5.876925945281982
6.763979911804199
5.969581127166748
7.511653900146484
7.434484481811523
7.689627647399902
7.187494277954102
7.3431901931762695
7.8767547607421875
12.205804824829102
7.388467788696289
6.557465553283691
4.879039764404297
5.261503219604492
3.8358922004699707
2.667658567428589
11.103137969970703
5.258490562438965
3.868844985961914
5.434736251831055
5.191461563110352
5.121881484985352
4.154598236083984
9.299750328063965
3.3632030487060547
6.984426975250244
4.855157375335693
11.984179496765137
10.144298553466797
7.072931289672852
12.698335647583008
9.513465881347656
7.413113594055176
6.565916061401367
6.985267162322998
10.724398612976074
5.96112060546875
9.087381362915039
9.696436882019043
6.859446048736572
7.9532575607299805
6.928621768951416
9.730545997619629
10.112412452697754
6.3542070388793945
9.008188247680664
8.544427871704102
9.300063133239746
7.136584281921387
9.506709098815918
7.104701995849609
7.881242752075195
5.755764484405518
6.816587448120117
5.873185634613037
4.166689395904541
7.314008712768555
5.390295505523682
10.486525535583496
5.435557842254639
9.029461860656738
8.210731506347656
10.31459903717041
7.211831092834473
5.816005706787109
4.013538360595703
3.1932430267333984
5.810882568359375
5.7101006507873535
11.272351264953613
11.156696319580078
7.9708662033081055
12.383308410644531
4.224045276641846
3.8274776935577393
7.622389316558838
4.720841407775879
5.558529853820801
6.026795387268066
8.336541175842285
8.27500057220459
3.996574640274048
6.110860824584961
2.694056510925293
6.9687066078186035
6.017323017120361
4.2613749504089355
8.047112464904785
8.312878608703613
6.247236728668213
8.487347602844238
9.260663986206055
11.430885314941406
7.870508670806885
8.468234062194824
5.181128978729248
3.3008272647857666
9.294941902160645
6.413695335388184
5.689342021942139
6.903628826141357
3.58665132522583
11.980443000793457
5.376988410949707
9.137763977050781
12.562554359436035
9.528800964355469
7.0616607666015625
9.074202537536621
10.097197532653809
7.047223091125488
7.49139404296875
8.59877872467041
8.174612998962402
11.962180137634277
9.381540298461914
13.312955856323242
12.430705070495605
12.463409423828125
10.699199676513672
8.883976936340332
9.812347412109375
10.917144775390625
6.102944850921631
9.408997535705566
4.2258620262146
12.477571487426758
10.16763973236084
4.982949733734131
10.211101531982422
6.051840305328369
13.550108909606934
4.917309761047363
6.5886030197143555
5.057302474975586
7.250585556030273
10.23907470703125
8.251541137695312
5.9142022132873535
5.721963882446289
9.498689651489258
10.56474781036377
4.2057085037231445
10.458321571350098
8.00936222076416
8.738791465759277
12.846202850341797
4.4027581214904785
10.648704528808594
5.8246588706970215
7.741292476654053
8.496123313903809
8.71725082397461
6.710972309112549
10.090933799743652
7.090287685394287
6.826156139373779
9.679952621459961
9.806927680969238
6.108565807342529
7.087831974029541
4.494086265563965
9.113295555114746
5.864157199859619
4.577696800231934
11.192108154296875
10.184063911437988
9.126036643981934
8.26108169555664
11.123478889465332
8.948187828063965
7.52736234664917
8.923347473144531
8.67056655883789
8.806046485900879
5.200542449951172
5.734706878662109
7.027109146118164
3.9750685691833496
5.8106842041015625
8.68017864227295
4.58908224105835
6.78005838394165
4.536494255065918
10.085090637207031
6.948930740356445
7.995363235473633
2.831660270690918
4.626429557800293
16.093189239501953
8.819071769714355
8.932501792907715
4.526103496551514
6.067088603973389
5.996885299682617
5.868417739868164
13.0514497756958
3.502096176147461
4.998434543609619
3.2729885578155518
3.826620578765869
6.64031982421875
7.6098833084106445
9.664173126220703
7.474558353424072
6.813074111938477
8.762092590332031
6.8355889320373535
8.380919456481934
5.7621846199035645
4.368654727935791
5.33421516418457
9.098143577575684
5.953919410705566
3.026639938354492
3.2984423637390137
8.880910873413086
4.735965251922607
4.914198875427246
7.75435209274292
5.5316925048828125
9.669413566589355
10.597917556762695
7.63206672668457
8.50125503540039
10.160080909729004
6.514423847198486
6.9796366691589355
10.225419044494629
4.663877964019775
4.886734485626221
7.527235984802246
11.581101417541504
9.911865234375
7.775294780731201
7.072076797485352
6.84358024597168
5.678398609161377
9.379746437072754
4.324525833129883
8.992621421813965
9.308228492736816
5.622190475463867
6.695382595062256
4.616714000701904
2.9475886821746826
10.687616348266602
5.237715721130371
4.137974739074707
6.360147476196289
9.070775032043457
6.957934856414795
6.001899242401123
5.620595932006836
6.667835235595703
6.11629581451416
10.248129844665527
5.309964179992676
6.327953815460205
7.906072616577148
10.22458553314209
10.425874710083008
9.636881828308105
13.185321807861328
12.200965881347656
7.808799743652344
8.863370895385742
12.57291030883789
11.156062126159668
5.1624321937561035
8.538065910339355
7.238489151000977
6.332037448883057
8.970569610595703
6.9359965324401855
12.55618953704834
8.430026054382324
3.8541746139526367
6.918205261230469
4.541720390319824
10.520644187927246
6.835809230804443
3.8492534160614014
7.789199352264404
6.5431952476501465
7.366311550140381
7.844329833984375
3.43701434135437
7.022315502166748
6.954648494720459
3.6087474822998047
12.989055633544922
5.826981544494629
7.690945625305176
9.03186321258545
4.387257099151611
4.9621100425720215
7.088031768798828
6.065348148345947
11.217960357666016
11.505989074707031
10.44734001159668
8.586342811584473
12.736077308654785
9.695383071899414
8.59553337097168
7.4307732582092285
10.108490943908691
6.947343349456787
6.8234686851501465
8.490250587463379
5.155630588531494
4.9744768142700195
2.5222127437591553
3.084670066833496
4.126253128051758
7.359779357910156
4.844103813171387
3.025212049484253
6.415590286254883
5.8885931968688965
5.298697471618652
3.4521236419677734
4.972031116485596
6.958333969116211
5.795312404632568
4.086263179779053
5.254757404327393
8.747303009033203
7.558797359466553
7.456541538238525
3.3501360416412354
5.054945945739746
9.737521171569824
4.468573570251465
5.600225925445557
8.60372543334961
9.570091247558594
5.3583526611328125
5.690939903259277
4.344274044036865
5.562038421630859
5.595408916473389
8.078023910522461
8.683354377746582
4.809819221496582
5.743821620941162
9.420524597167969
8.151304244995117
5.653496265411377
2.919579029083252
6.466826915740967
10.736762046813965
8.460180282592773
7.730597019195557
8.811370849609375
5.729660511016846
6.362674236297607
10.911075592041016
9.1602201461792
10.225370407104492
12.209485054016113
9.511810302734375
8.288683891296387
10.789652824401855
6.865262031555176
10.31058406829834
7.881972789764404
5.187425136566162
7.79164457321167
10.66778564453125
10.537196159362793
7.880324363708496
5.292322635650635
7.568873405456543
6.406382083892822
3.7968525886535645
11.23718547821045
6.814768314361572
13.128823280334473
5.706526756286621
8.488529205322266
16.299715042114258
10.481350898742676
9.496206283569336
8.713508605957031
5.40817928314209
7.770599365234375
9.6087646484375
6.679842472076416
7.242436408996582
5.067643642425537
9.173912048339844
8.554194450378418
6.586043357849121
6.6379804611206055
6.628859043121338
7.227102756500244
6.932877540588379
8.266788482666016
10.931593894958496
8.89283561706543
8.224900245666504
11.460100173950195
7.1993513107299805
6.130250453948975
8.023468971252441
9.167101860046387
6.904260635375977
12.29698371887207
9.275135040283203
6.259450912475586
6.659294605255127
9.32838249206543
7.3918585777282715
10.341755867004395
8.302460670471191
9.109146118164062
7.548332214355469
5.639395236968994
6.233490943908691
9.21095085144043
10.20693588256836
6.574534893035889
9.514262199401855
7.919735431671143
8.916426658630371
6.799077987670898
5.9450178146362305
3.5867626667022705
10.054466247558594
6.2752790451049805
6.810066223144531
10.793601036071777
4.744833946228027
7.591795921325684
11.32056713104248
7.084840774536133
7.760144233703613
6.5693254470825195
6.495291709899902
11.33407974243164
5.2563629150390625
9.05886459350586
5.812910556793213
7.50265645980835
8.456478118896484
7.497705459594727
9.31998348236084
7.0081257820129395
7.2607808113098145
6.907617092132568
9.4094877243042
13.677435874938965
7.799018383026123
9.01497745513916
11.121079444885254
7.210970878601074
8.247913360595703
9.750494956970215
10.38276481628418
8.146259307861328
8.420045852661133
7.922529220581055
6.979934215545654
3.7235636711120605
6.201265811920166
8.770484924316406
11.906336784362793
7.730549335479736
9.117700576782227
6.505195140838623
7.598930835723877
6.610383033752441
6.720570087432861
7.24114465713501
6.708329677581787
5.174342155456543
5.615779876708984
3.1814098358154297
14.042492866516113
6.290966510772705
2.950854778289795
6.8415937423706055
8.28956127166748
8.481141090393066
3.2815206050872803
3.221587657928467
8.520554542541504
6.466646194458008
5.9846930503845215
9.33721923828125
2.6816811561584473
12.269957542419434
2.8982608318328857
4.563868522644043
8.491969108581543
5.648756504058838
3.300727367401123
3.0661563873291016
5.5462965965271
5.949726104736328
6.835842132568359
13.236621856689453
10.418000221252441
9.619827270507812
8.434341430664062
8.794612884521484
8.15726089477539
7.022761821746826
7.640708923339844
6.4842529296875
9.826421737670898
5.134490489959717
5.689752101898193
6.286744594573975
9.179237365722656
3.0293149948120117
6.683286190032959
2.5763492584228516
7.326930999755859
6.080044746398926
7.521419048309326
4.366795063018799
6.232762813568115
7.208828926086426
5.046338081359863
3.836287021636963
5.145376205444336
12.175986289978027
7.4348297119140625
5.747701644897461
12.993556022644043
4.338567733764648
6.229644775390625
10.020649909973145
5.716554164886475
7.115309715270996
7.77670431137085
5.999324798583984
3.310405969619751
6.760924816131592
5.633772373199463
6.365446090698242
8.315262794494629
5.746562957763672
11.205150604248047
10.819524765014648
12.509154319763184
12.77181339263916
9.269769668579102
9.721238136291504
10.216751098632812
10.31932544708252
9.866520881652832
11.529242515563965
6.395389556884766
7.8717474937438965
7.865936279296875
5.5829854011535645
10.176314353942871
11.277950286865234
3.993527412414551
7.622836112976074
7.883893966674805
10.260886192321777
8.900390625
5.258182048797607
6.035243988037109
8.214997291564941
9.960018157958984
5.9882731437683105
6.774332523345947
12.053332328796387
5.2774271965026855
6.181015491485596
8.077051162719727
5.007906436920166
6.342462062835693
5.8042683601379395
6.216192722320557
7.997424125671387
6.004663467407227
5.025721073150635
10.8318510055542
4.875731468200684
6.222329616546631
5.196516513824463
7.782797336578369
7.599913120269775
8.938104629516602
6.38429069519043
6.6838178634643555
11.286479949951172
9.488609313964844
9.797165870666504
11.22857666015625
4.937344551086426
6.846349716186523
10.746318817138672
4.527141571044922
5.891961574554443
8.040069580078125
6.3330488204956055
4.5317487716674805
6.899181365966797
7.006614685058594
10.429469108581543
8.764801979064941
4.653106689453125
4.934457302093506
5.89652681350708
8.337820053100586
5.69199275970459
5.3495283126831055
7.600403785705566
4.542703151702881
2.830202102661133
10.047359466552734
10.094157218933105
5.171168327331543
7.8788042068481445
6.90401029586792
6.96806526184082
4.749279499053955
5.999195098876953
8.943758010864258
13.931373596191406
7.011004447937012
8.639801979064941
8.537165641784668
8.782610893249512
13.293599128723145
10.305488586425781
12.392579078674316
12.928302764892578
9.066328048706055
7.687378883361816
6.955005168914795
10.262210845947266
10.2767333984375
12.042741775512695
7.490936756134033
6.082979202270508
8.672822952270508
7.639451503753662
6.715022087097168
10.186256408691406
7.190335273742676
14.769777297973633
3.1906776428222656
4.926991939544678
4.1219987869262695
6.318547248840332
8.1817626953125
6.049354076385498
6.329562664031982
6.702051162719727
6.448692798614502
8.953314781188965
6.283161163330078
10.000116348266602
9.177702903747559
7.115482330322266
8.927541732788086
7.764718532562256
4.388749122619629
11.552628517150879
6.458545207977295
10.841444969177246
3.3364999294281006
7.298285007476807
7.713770866394043
3.4913933277130127
8.3843994140625
5.707822322845459
14.052773475646973
5.483715534210205
7.228944778442383
5.366702556610107
10.661965370178223
11.517200469970703
5.791822910308838
4.0550994873046875
10.893282890319824
4.0197625160217285
2.937870502471924
5.558168411254883
6.231904029846191
5.60748291015625
3.3672232627868652
5.980987071990967
8.829456329345703
6.240570068359375
8.376131057739258
14.51014232635498
5.7741379737854
12.5008544921875
6.633172512054443
9.658138275146484
10.759757995605469
12.563549041748047
7.667045593261719
8.831275939941406
12.604300498962402
8.803832054138184
7.176290512084961
6.325053691864014
7.008098125457764
10.077113151550293
6.3163371086120605
6.041913032531738
7.037461757659912
6.6718244552612305
3.3900957107543945
3.554887294769287
2.9534058570861816
4.0273919105529785
10.673286437988281
3.9588351249694824
6.744199275970459
4.746456146240234
3.3141818046569824
8.596534729003906
8.320182800292969
9.803590774536133
8.290525436401367
12.556999206542969
7.144507884979248
9.360690116882324
11.022165298461914
10.301752090454102
10.750663757324219
12.49483871459961
10.58887004852295
14.997150421142578
8.422886848449707
9.998770713806152
7.856553554534912
9.49443531036377
9.146998405456543
9.950397491455078
5.291035175323486
3.8746042251586914
2.459430456161499
3.7058935165405273
3.4940836429595947
4.7607645988464355
2.5900988578796387
2.7069504261016846
5.680027961730957
4.897265434265137
7.890739440917969
8.200251579284668
7.378611087799072
12.702581405639648
4.359603404998779
10.066411018371582
11.971251487731934
8.68887710571289
9.659876823425293
10.488532066345215
11.488677978515625
9.992483139038086
6.767588138580322
9.661334991455078
4.334510326385498
8.809490203857422
6.670966625213623
5.9001784324646
12.387491226196289
6.045080661773682
5.787354469299316
8.91296672821045
8.898298263549805
5.215910911560059
8.178346633911133
5.689918041229248
6.821815490722656
6.372991561889648
5.235290050506592
7.433187484741211
7.124131202697754
4.5764970779418945
8.395254135131836
5.033230304718018
8.067508697509766
12.759627342224121
8.623932838439941
13.30233383178711
9.620817184448242
16.16240692138672
10.982122421264648
13.514307975769043
7.014167308807373
8.79383659362793
5.784112453460693
3.8590171337127686
3.9836654663085938
6.425483703613281
7.175931453704834
6.136699199676514
5.1298441886901855
7.945359230041504
11.803041458129883
3.5114078521728516
10.55485725402832
6.370787620544434
6.608037948608398
6.665148735046387
10.457839965820312
8.208675384521484
9.148309707641602
10.535759925842285
7.711355209350586
7.732563018798828
8.389366149902344
4.142353534698486
9.594703674316406
6.752001762390137
6.769804954528809
4.117053508758545
5.96773099899292
8.66375732421875
4.883967399597168
6.875577926635742
6.702536106109619
3.405669689178467
5.343257904052734
7.152653694152832
4.89137077331543
9.281904220581055
4.256972312927246
4.285271167755127
8.370353698730469
4.549092769622803
7.046028137207031
10.311891555786133
6.98659086227417
10.90590763092041
6.738546371459961
5.129855632781982
8.05846881866455
8.697361946105957
4.968362331390381
7.656521797180176
9.542701721191406
8.565143585205078
6.174036026000977
6.926712512969971
12.463232040405273
10.451847076416016
6.364374160766602
8.667532920837402
8.57808780670166
9.704532623291016
6.840600490570068
7.583518981933594
9.52471923828125
12.137165069580078
5.166827201843262
4.585870742797852
7.795793533325195
4.22494649887085
5.55046272277832
9.128350257873535
3.448385238647461
12.947516441345215
3.3845067024230957
7.850865364074707
9.098126411437988
7.958498477935791
10.293766021728516
4.563938617706299
7.967901706695557
6.196550369262695
7.868273735046387
4.353296279907227
6.972798824310303
5.175248146057129
10.7249755859375
8.687971115112305
11.051495552062988
6.455842971801758
10.990638732910156
7.066267967224121
9.21162223815918
6.496943950653076
8.980600357055664
8.352176666259766
9.403951644897461
8.889700889587402
11.610940933227539
7.6436238288879395
6.2987060546875
7.388187885284424
4.7188720703125
4.950165748596191
7.93219518661499
6.55064058303833
7.325095176696777
11.616111755371094
3.7309885025024414
5.968325614929199
7.933699607849121
5.995174407958984
2.072493314743042
7.263105869293213
7.695371627807617
6.555568695068359
12.777971267700195
5.416557788848877
9.954265594482422
7.926069736480713
4.6168084144592285
4.6610822677612305
8.775529861450195
3.323885440826416
10.268890380859375
8.182208061218262
12.116647720336914
8.99258804321289
11.488530158996582
6.105240345001221
6.213791847229004
6.444462299346924
6.6921186447143555
5.061638832092285
5.91060209274292
3.365689516067505
6.224721908569336
8.742533683776855
6.628872394561768
5.693597793579102
7.8489789962768555
6.89918851852417
9.88749885559082
6.605002403259277
6.893738746643066
8.904990196228027
10.893933296203613
12.193558692932129
6.412468433380127
9.36264705657959
6.418181419372559
7.271730899810791
7.577906608581543
4.7418646812438965
10.825119018554688
4.124880790710449
4.5781660079956055
6.884250640869141
8.547687530517578
6.392573356628418
6.057546615600586
8.127573013305664
6.664961814880371
6.016177177429199
8.717179298400879
11.62160873413086
7.579834461212158
10.649057388305664
11.62818431854248
11.310080528259277
8.738966941833496
10.432168960571289
7.869873046875
7.568874359130859
7.365910053253174
9.295629501342773
6.090590476989746
4.405310153961182
6.810576438903809
6.764586448669434
3.5129144191741943
5.190330982208252
11.248209953308105
2.224647045135498
10.049678802490234
7.607120990753174
6.495169639587402
8.376433372497559
7.201093673706055
7.41094446182251
7.6812262535095215
8.706755638122559
6.232191562652588
6.738963603973389
8.461138725280762
8.303191184997559
7.325279235839844
7.596504211425781
8.404787063598633
6.83313512802124
6.8610334396362305
6.120711326599121
4.696377754211426
10.222014427185059
9.06153392791748
11.584634780883789
7.674045085906982
8.056512832641602
10.968526840209961
9.089259147644043
8.11545181274414
6.003369331359863
7.602065086364746
5.19842529296875
7.450636863708496
8.678685188293457
6.8622145652771
6.671535968780518
7.7097272872924805
6.719142913818359
8.45061206817627
10.13637924194336
8.027510643005371
13.55970573425293
9.917490005493164
10.926957130432129
6.072785377502441
10.522655487060547
7.892983436584473
7.619508743286133
11.20511245727539
6.29558801651001
7.324193954467773
9.236035346984863
8.282157897949219
6.587773323059082
6.738065242767334
8.465112686157227
4.347617149353027
7.11723518371582
6.382354736328125
8.609930992126465
4.277965545654297
3.45915150642395
12.668746948242188
8.4316987991333
4.005677700042725
7.533016204833984
7.343466281890869
4.086577892303467
6.9407124519348145
7.139529228210449
7.149109840393066
8.448850631713867
5.760707378387451
5.049942970275879
2.970554828643799
7.410647869110107
4.966994285583496
10.217958450317383
7.196378707885742
6.097019195556641
6.457144737243652
6.595781326293945
4.651905059814453
3.1606502532958984
6.155598163604736
5.458645343780518
10.383336067199707
9.175596237182617
15.688374519348145
9.43973159790039
13.519621849060059
5.526712417602539
8.872475624084473
6.321640968322754
6.526797771453857
9.307792663574219
4.307570934295654
7.613464832305908
5.932706356048584
2.5011146068573
10.976938247680664
6.541430950164795
4.534471035003662
3.3927221298217773
7.555563926696777
7.269590854644775
6.740695953369141
4.852121353149414
6.876119613647461
8.091699600219727
6.545917510986328
6.672466278076172
8.943586349487305
6.412969589233398
8.790042877197266
6.3052754402160645
13.432817459106445
11.8103609085083
10.256030082702637
11.279901504516602
13.45771598815918
10.840088844299316
8.679963111877441
9.543289184570312
9.694732666015625
7.681315898895264
9.523591995239258
6.991495132446289
12.474052429199219
6.9448652267456055
8.761432647705078
7.778270721435547
9.687738418579102
9.339635848999023
8.265734672546387
4.877694129943848
6.7648024559021
7.349494457244873
7.815468788146973
3.6675970554351807
5.610925674438477
5.308426380157471
11.739855766296387
4.172421455383301
6.662975788116455
5.856456279754639
12.476089477539062
7.262934684753418
8.894120216369629
7.57690954208374
6.696990966796875
5.713296890258789
11.942708969116211
9.497395515441895
8.643775939941406
8.630186080932617
5.554993152618408
5.181056022644043
7.2356181144714355
9.175509452819824
2.2889654636383057
11.886427879333496
10.675095558166504
6.267857074737549
6.357677936553955
5.063623428344727
6.548191547393799
8.323179244995117
4.643238544464111
10.958598136901855
6.774697780609131
5.813765525817871
5.671823978424072
5.512332916259766
7.040216445922852
9.801651954650879
9.499439239501953
12.181281089782715
11.32178783416748
8.24423885345459
8.831954956054688
10.863594055175781
10.905888557434082
7.685854434967041
13.262482643127441
8.52757740020752
10.795534133911133
9.936568260192871
7.889282703399658
4.2128682136535645
4.452966213226318
7.564621448516846
8.394119262695312
7.107350826263428
4.535524368286133
7.222572326660156
5.522037029266357
7.937700271606445
